trialnum	subject	basicShape	numObjects	speed	initialDirRing0	orderCorrect	trialDurTotal	numTargets	whichIsTargetEachRing0	whichIsTargetEachRing1	whichIsTargetEachRing2	ringToQuery	Direction0	Direction1	Direction2	respAdj0	respAdj1	respAdj2	rev0_0	rev0_1	rev0_2	rev0_3	rev1_0	rev1_1	rev1_2	rev1_3	rev2_0	rev2_1	rev2_2	rev2_3	timingBlips
0	lor2	circle	4	0.47	1	3 	 2.509541867220393 	 2 	 2.0	1.0	-999.0	1	1	-1	-1	-999	0.0	-999	1.6332 	2.8285 	-999	-999	1.8783 	3.1369 	-999	-999	1.7623 	2.3278 	3.1855 	-999	83
1	lor2	circle	8	0.12	-1	3 	 2.343046016024192 	 3 	 7.0	1.0	0.0	0	-1	1	-1	0.0	-999	-999	2.1142 	3.0045 	-999	-999	2.161 	3.054 	-999	-999	1.6141 	2.2734 	3.6675 	-999	124
2	lor2	circle	8	0.16	1	3 	 2.5829909104197544 	 2 	 2.0	-999.0	1.0	2	1	-1	-1	-999	-999	0.0	1.6564 	2.3128 	3.6519 	-999	2.4198 	3.4916 	-999	-999	2.0362 	3.1818 	-999	-999	109
3	lor2	circle	4	0.87	-1	3 	 2.7572215259158703 	 2 	 3.0	-999.0	0.0	2	-1	1	-1	-999	-999	0.0	2.0565 	2.959 	-999	-999	2.2112 	2.7268 	3.4177 	-999	2.102 	3.3381 	-999	-999	132
4	lor2	circle	8	0.22	1	3 	 2.53114166958258 	 3 	 2.0	5.0	0.0	1	1	-1	-1	-999	0.0	-999	1.6085 	2.5638 	3.7929 	-999	1.8523 	2.5917 	3.757 	-999	1.7891 	3.2393 	-999	-999	130
5	lor2	circle	8	0.51	-1	3 	 2.676564845242697 	 2 	 3.0	4.0	-999.0	1	-1	1	-1	-999	-0.0	-999	1.5748 	2.4218 	3.1866 	-999	2.333 	3.7999 	-999	-999	2.3477 	3.1245 	-999	-999	143
6	lor2	circle	4	0.72	-1	3 	 2.6941308355734996 	 3 	 2.0	3.0	1.0	1	-1	1	-1	-999	-0.0	-999	1.5076 	2.571 	3.6757 	-999	1.9923 	3.0359 	-999	-999	1.813 	2.5185 	3.2968 	-999	79
7	lor2	circle	4	0.67	-1	3 	 2.7692941595066856 	 2 	 0.0	-999.0	3.0	2	-1	1	-1	-999	-999	-0.0	2.1403 	2.9968 	-999	-999	1.9849 	2.6136 	4.0644 	-999	1.9141 	2.512 	3.9789 	-999	79
8	lor2	circle	8	0.39	-1	0 	 2.654782988748247 	 2 	 -999.0	6.0	0.0	2	-1	1	-1	-999	-999	-2.0	1.8447 	2.9295 	-999	-999	1.5782 	2.9286 	-999	-999	1.8339 	2.49 	3.421 	-999	146
9	lor2	circle	8	0.22	-1	0 	 2.6104812272786235 	 3 	 6.0	0.0	5.0	2	-1	1	-1	-999	-999	-1.0	1.8491 	2.601 	3.533 	-999	1.5674 	2.7744 	-999	-999	1.895 	2.9308 	-999	-999	142
10	lor2	circle	8	0.31	-1	0 	 2.237582543918803 	 3 	 4.0	0.0	2.0	0	-1	1	-1	1.0	-999	-999	2.2536 	2.8388 	-999	-999	1.7634 	2.361 	-999	-999	1.677 	2.481 	-999	-999	123
11	lor2	circle	4	0.87	1	0 	 2.184918525972939 	 2 	 3.0	0.0	3.0	1	1	-1	-1	-999	1.0	-999	1.5986 	3.0732 	-999	-999	2.0003 	2.8813 	-999	-999	1.6471 	2.9275 	-999	-999	63
12	lor2	circle	8	0.12	1	3 	 2.1445967135759414 	 3 	 7.0	6.0	0.0	0	1	-1	-1	-0.0	-999	-999	1.6087 	2.3916 	-999	-999	2.4933 	-999	-999	-999	1.865 	3.185 	-999	-999	117
13	lor2	circle	4	0.55	-1	0 	 2.1144807075561554 	 3 	 0.0	1.0	2.0	2	-1	1	-1	-999	-999	-1.0	1.7554 	2.3945 	-999	-999	1.8295 	2.3848 	-999	-999	1.5524 	2.3549 	-999	-999	63
14	lor2	circle	4	0.72	1	0 	 2.7202782730544426 	 3 	 0.0	2.0	3.0	2	1	-1	-1	-999	-999	-1.0	1.7065 	2.4235 	3.4322 	-999	2.0358 	3.3303 	-999	-999	2.112 	3.5131 	-999	-999	80
15	lor2	circle	4	0.22	1	3 	 2.0137126953546223 	 3 	 3.0	3.0	2.0	2	1	-1	-1	-999	-999	0.0	1.6008 	3.0359 	-999	-999	2.2966 	-999	-999	-999	1.5751 	3.0435 	-999	-999	57
16	lor2	circle	4	0.22	-1	3 	 2.142838527794669 	 3 	 0.0	3.0	1.0	0	-1	1	-1	0.0	-999	-999	1.5119 	2.7501 	-999	-999	2.4599 	-999	-999	-999	2.0745 	2.7252 	-999	-999	63
17	lor2	circle	8	0.51	1	3 	 2.702097724717811 	 2 	 6.0	4.0	4.0	0	1	-1	-1	0.0	-999	-999	1.5349 	2.2602 	3.1208 	-999	1.6789 	2.3284 	3.2098 	-999	2.2175 	2.8178 	-999	-999	150
18	lor2	circle	4	0.27	1	0 	 2.676479014539059 	 2 	 -999.0	1.0	2.0	2	1	-1	-1	-999	-999	1.0	1.6831 	2.7536 	3.7561 	-999	2.094 	2.9368 	-999	-999	1.6922 	2.959 	-999	-999	78
19	lor2	circle	8	0.16	-1	3 	 2.1344075117271872 	 2 	 2.0	6.0	5.0	2	-1	1	-1	-999	-999	0.0	1.5123 	2.3672 	-999	-999	2.3092 	-999	-999	-999	1.6555 	2.4342 	-999	-999	118
20	lor2	circle	8	0.4	1	3 	 2.000114165217031 	 3 	 6.0	5.0	7.0	1	1	-1	-1	-999	-0.0	-999	1.9682 	2.9219 	-999	-999	2.1393 	-999	-999	-999	2.4824 	-999	-999	-999	110
21	lor2	circle	4	0.55	1	0 	 2.2702839553446115 	 3 	 3.0	1.0	3.0	1	1	-1	-1	-999	1.0	-999	1.8697 	3.0721 	-999	-999	1.6408 	2.481 	-999	-999	1.7707 	2.2833 	3.3945 	-999	67
22	lor2	circle	8	0.27	1	0 	 2.3252074534846967 	 2 	 -999.0	7.0	4.0	1	1	-1	-1	-999	1.0	-999	2.3064 	3.1975 	-999	-999	2.0247 	3.2715 	-999	-999	1.5398 	2.4919 	-999	-999	128
23	lor2	circle	4	0.47	-1	3 	 2.6994766969482056 	 2 	 2.0	1.0	3.0	0	-1	1	-1	0.0	-999	-999	1.776 	2.7562 	3.3476 	-999	2.2417 	2.7681 	3.3831 	-999	1.6341 	2.9521 	-999	-999	78
24	lor2	circle	4	0.27	-1	3 	 2.115878012058962 	 2 	 2.0	3.0	2.0	0	-1	1	-1	0.0	-999	-999	2.0451 	3.0516 	-999	-999	1.843 	2.6258 	-999	-999	2.116 	2.6785 	-999	-999	61
25	lor2	circle	8	0.39	1	3 	 2.745185777191806 	 2 	 0.0	2.0	0.0	1	1	-1	-1	-999	0.0	-999	2.2918 	2.9182 	-999	-999	1.9646 	2.87 	-999	-999	1.9204 	3.2891 	-999	-999	151
26	lor2	circle	4	0.67	1	3 	 2.7207221967803776 	 2 	 0.0	-999.0	0.0	0	1	-1	-1	-0.0	-999	-999	1.7627 	3.226 	-999	-999	1.5417 	2.1104 	3.3256 	-999	2.1846 	3.6297 	-999	-999	77
27	lor2	circle	4	0.38	1	0 	 2.04459520406726 	 3 	 1.0	0.0	1.0	2	1	-1	-1	-999	-999	-1.0	1.6205 	2.8064 	-999	-999	1.7844 	2.8016 	-999	-999	2.3947 	-999	-999	-999	62
28	lor2	circle	8	0.4	-1	3 	 2.1910917124570957 	 3 	 0.0	5.0	6.0	2	-1	1	-1	-999	-999	-0.0	2.3288 	-999	-999	-999	1.5602 	2.573 	-999	-999	2.2795 	3.4771 	-999	-999	120
29	lor2	circle	4	0.38	-1	3 	 2.4280593824875103 	 3 	 1.0	0.0	1.0	2	-1	1	-1	-999	-999	0.0	1.7131 	2.8035 	-999	-999	2.1616 	3.6364 	-999	-999	1.9468 	2.9368 	-999	-999	72
30	lor2	circle	8	0.31	1	3 	 2.0310803893213 	 3 	 5.0	0.0	5.0	2	1	-1	-1	-999	-999	-0.0	2.1643 	-999	-999	-999	2.4537 	-999	-999	-999	2.1461 	-999	-999	-999	111
31	lor2	circle	8	0.27	-1	3 	 2.449353626390362 	 2 	 5.0	7.0	6.0	0	-1	1	-1	0.0	-999	-999	1.8194 	2.8519 	-999	-999	1.7028 	2.382 	3.862 	-999	2.1983 	3.4427 	-999	-999	134
32	lor2	circle	8	0.39	1	3 	 2.638776354735268 	 2 	 1.0	3.0	0.0	1	1	-1	-1	-999	0.0	-999	1.6384 	3.0648 	-999	-999	2.4707 	3.3393 	-999	-999	2.3962 	3.7692 	-999	-999	145
33	lor2	circle	8	0.27	-1	0 	 2.59988887170286 	 2 	 7.0	4.0	6.0	1	-1	1	-1	-999	1.0	-999	2.3466 	3.2383 	-999	-999	1.9054 	3.0097 	-999	-999	1.5753 	2.488 	3.9017 	-999	142
34	lor2	circle	8	0.4	-1	3 	 2.289366878747072 	 3 	 6.0	6.0	4.0	2	-1	1	-1	-999	-999	-0.0	1.8336 	3.1862 	-999	-999	2.4531 	-999	-999	-999	2.3145 	2.91 	-999	-999	124
35	lor2	circle	4	0.67	1	3 	 2.751002655980006 	 2 	 2.0	-999.0	3.0	0	1	-1	-1	-0.0	-999	-999	2.3163 	3.7236 	-999	-999	2.1349 	3.1419 	-999	-999	1.7895 	2.5142 	3.1128 	-999	79
36	lor2	circle	8	0.4	1	3 	 2.3038013033217246 	 3 	 7.0	4.0	6.0	2	1	-1	-1	-999	-999	-0.0	1.6902 	2.9307 	-999	-999	1.9138 	2.7037 	-999	-999	1.6711 	2.2894 	3.6328 	-999	124
37	lor2	circle	4	0.22	-1	3 	 2.054870815138084 	 3 	 2.0	3.0	1.0	1	-1	1	-1	-999	0.0	-999	1.6076 	2.8241 	-999	-999	2.2224 	-999	-999	-999	1.6749 	2.3422 	-999	-999	62
38	lor2	circle	4	0.87	-1	0 	 2.0700542667570927 	 2 	 1.0	3.0	3.0	1	-1	1	-1	-999	-1.0	-999	1.9904 	3.1614 	-999	-999	1.8291 	2.4865 	-999	-999	1.8131 	2.7183 	-999	-999	64
39	lor2	circle	8	0.12	1	3 	 2.0401896771873935 	 3 	 5.0	5.0	6.0	1	1	-1	-1	-999	0.0	-999	2.4668 	-999	-999	-999	1.6588 	2.8841 	-999	-999	1.6179 	2.4722 	-999	-999	111
40	lor2	circle	4	0.47	-1	3 	 2.642571180832981 	 2 	 0.0	2.0	3.0	1	-1	1	-1	-999	0.0	-999	2.1831 	2.7794 	-999	-999	1.7827 	2.587 	3.6882 	-999	2.3481 	3.5307 	-999	-999	77
41	lor2	circle	4	0.67	-1	3 	 2.4302821714353304 	 2 	 0.0	2.0	3.0	0	-1	1	-1	-0.0	-999	-999	2.421 	3.4309 	-999	-999	1.7827 	2.8618 	-999	-999	1.7603 	3.2289 	-999	-999	72
42	lor2	circle	8	0.51	-1	3 	 2.118743130987617 	 2 	 0.0	4.0	5.0	0	-1	1	-1	0.0	-999	-999	1.5967 	2.4838 	-999	-999	2.2842 	-999	-999	-999	1.971 	2.7899 	-999	-999	115
43	lor2	circle	4	0.47	1	3 	 2.318318875626031 	 2 	 2.0	3.0	3.0	0	1	-1	-1	0.0	-999	-999	2.3581 	3.5491 	-999	-999	2.2621 	3.1831 	-999	-999	2.1394 	3.5476 	-999	-999	67
44	lor2	circle	8	0.51	1	0 	 2.2021342133225246 	 2 	 4.0	4.0	2.0	2	1	-1	-1	-999	-999	-1.0	1.9007 	3.0277 	-999	-999	1.6813 	2.905 	-999	-999	2.4887 	-999	-999	-999	120
45	lor2	circle	4	0.22	1	3 	 2.5179117483982036 	 3 	 1.0	0.0	2.0	1	1	-1	-1	-999	0.0	-999	1.8018 	3.2149 	-999	-999	1.8668 	2.5231 	3.0726 	-999	2.4606 	3.0753 	-999	-999	76
46	lor2	circle	4	0.72	-1	3 	 2.335592079703959 	 3 	 0.0	1.0	2.0	1	-1	1	-1	-999	-0.0	-999	1.9998 	2.8304 	-999	-999	1.5341 	3.0177 	-999	-999	1.6209 	2.384 	3.1987 	-999	71
47	lor2	circle	4	0.27	1	3 	 2.191430816312746 	 2 	 2.0	3.0	3.0	2	1	-1	-1	-999	-999	-0.0	1.8566 	2.9617 	-999	-999	1.5725 	2.1315 	2.7617 	-999	2.4839 	-999	-999	-999	61
48	lor2	circle	8	0.27	1	0 	 2.2448962285689493 	 2 	 3.0	6.0	6.0	1	1	-1	-1	-999	-2.0	-999	2.4847 	-999	-999	-999	1.828 	3.2496 	-999	-999	1.5273 	2.2863 	3.5779 	-999	121
49	lor2	circle	8	0.31	-1	3 	 2.2135061283100548 	 3 	 6.0	3.0	3.0	0	-1	1	-1	0.0	-999	-999	1.6373 	2.9898 	-999	-999	2.4099 	-999	-999	-999	2.1874 	3.3695 	-999	-999	119
50	lor2	circle	8	0.16	-1	3 	 2.62660030790667 	 2 	 0.0	6.0	5.0	0	-1	1	-1	0.0	-999	-999	2.0324 	3.4593 	-999	-999	1.5661 	2.4896 	3.7037 	-999	1.6893 	2.8315 	-999	-999	143
51	lor2	circle	8	0.39	-1	0 	 2.127282828997945 	 2 	 4.0	3.0	2.0	2	-1	1	-1	-999	-999	-3.0	2.1086 	2.9305 	-999	-999	1.9365 	2.5202 	-999	-999	2.4448 	-999	-999	-999	115
52	lor2	circle	4	0.38	-1	3 	 2.494078885197193 	 3 	 1.0	2.0	2.0	0	-1	1	-1	0.0	-999	-999	1.9494 	2.8117 	-999	-999	2.3973 	3.5673 	-999	-999	2.4751 	3.7663 	-999	-999	82
53	lor2	circle	8	0.22	-1	3 	 2.788111331217493 	 3 	 4.0	4.0	5.0	1	-1	1	-1	-999	-0.0	-999	2.0501 	3.2157 	-999	-999	1.9681 	3.0377 	-999	-999	2.4892 	3.2468 	-999	-999	147
54	lor2	circle	4	0.87	1	3 	 2.1325270797123004 	 2 	 1.0	2.0	3.0	0	1	-1	-1	-0.0	-999	-999	2.125 	2.9072 	-999	-999	2.1831 	2.7859 	-999	-999	2.2904 	-999	-999	-999	61
55	lor2	circle	4	0.72	1	0 	 2.537536734961398 	 3 	 0.0	0.0	1.0	0	1	-1	-1	-1.0	-999	-999	1.5642 	2.4299 	3.0819 	-999	2.1684 	2.7403 	-999	-999	2.0088 	2.9463 	-999	-999	73
56	lor2	circle	4	0.55	-1	3 	 2.353165310408083 	 3 	 3.0	2.0	0.0	1	-1	1	-1	-999	-0.0	-999	1.6873 	2.535 	-999	-999	1.5088 	2.7749 	-999	-999	2.1679 	3.3263 	-999	-999	68
57	lor2	circle	4	0.38	1	3 	 2.6702560776829025 	 3 	 3.0	1.0	3.0	0	1	-1	-1	0.0	-999	-999	1.5089 	2.6515 	3.1537 	-999	2.0322 	2.6527 	3.1848 	-999	2.2288 	3.418 	-999	-999	75
58	lor2	circle	8	0.16	1	3 	 2.279617160621715 	 2 	 5.0	6.0	7.0	0	1	-1	-1	-0.0	-999	-999	2.151 	3.1243 	-999	-999	2.3777 	2.9998 	-999	-999	2.1532 	2.8836 	-999	-999	125
59	lor2	circle	8	0.12	-1	3 	 2.029837171950105 	 3 	 6.0	6.0	0.0	0	-1	1	-1	0.0	-999	-999	1.894 	2.678 	-999	-999	1.7302 	2.4484 	-999	-999	1.5994 	2.8075 	-999	-999	110
60	lor2	circle	4	0.55	1	3 	 2.221083174360722 	 3 	 2.0	3.0	0.0	1	1	-1	-1	-999	0.0	-999	1.7782 	3.2293 	-999	-999	1.8812 	2.8101 	-999	-999	2.3329 	-999	-999	-999	62
61	lor2	circle	8	0.31	1	3 	 2.730850571438732 	 3 	 7.0	6.0	5.0	1	1	-1	-1	-999	0.0	-999	2.1079 	3.0496 	-999	-999	2.269 	3.6262 	-999	-999	2.3233 	2.8361 	-999	-999	150
62	lor2	circle	4	0.27	-1	3 	 2.795472348680519 	 2 	 2.0	3.0	1.0	2	-1	1	-1	-999	-999	0.0	2.0771 	2.6478 	3.9231 	-999	2.3618 	3.2465 	-999	-999	1.9067 	3.3095 	-999	-999	79
63	lor2	circle	8	0.22	1	3 	 2.09880174024727 	 3 	 6.0	5.0	5.0	0	1	-1	-1	-0.0	-999	-999	1.9216 	3.085 	-999	-999	1.6784 	3.0222 	-999	-999	2.3576 	-999	-999	-999	114
64	lor2	circle	8	0.51	-1	3 	 2.0399636730156923 	 2 	 6.0	7.0	2.0	1	-1	1	-1	-999	-0.0	-999	2.2383 	-999	-999	-999	1.9496 	2.7066 	-999	-999	1.6347 	2.6564 	-999	-999	110
65	lor2	circle	8	0.4	-1	3 	 2.7069969425948726 	 3 	 4.0	3.0	5.0	1	-1	1	-1	-999	-0.0	-999	2.1338 	2.9053 	-999	-999	2.0121 	3.1951 	-999	-999	2.2567 	3.3987 	-999	-999	147
66	lor2	circle	4	0.27	1	3 	 2.2324665995538755 	 2 	 2.0	3.0	1.0	1	1	-1	-1	-999	-0.0	-999	2.0664 	3.1411 	-999	-999	2.2304 	3.1866 	-999	-999	1.9953 	2.9132 	-999	-999	67
67	lor2	circle	8	0.31	1	3 	 2.711669702368625 	 3 	 4.0	1.0	6.0	1	1	-1	-1	-999	-0.0	-999	2.1919 	3.2004 	-999	-999	1.6739 	2.199 	3.1863 	-999	2.2028 	3.2146 	-999	-999	148
68	lor2	circle	4	0.27	-1	3 	 2.535628046096836 	 2 	 1.0	1.0	1.0	1	-1	1	-1	-999	-0.0	-999	1.8417 	2.6069 	3.215 	-999	2.1867 	2.7174 	-999	-999	1.8172 	2.6076 	3.6994 	-999	73
69	lor2	circle	4	0.22	-1	3 	 2.7948241302766017 	 3 	 0.0	3.0	1.0	0	-1	1	-1	0.0	-999	-999	2.0559 	3.3659 	-999	-999	2.3958 	3.5894 	-999	-999	2.1647 	2.8279 	4.0177 	-999	80
70	lor2	circle	4	0.22	1	3 	 2.792178857108798 	 3 	 3.0	0.0	1.0	0	1	-1	-1	-0.0	-999	-999	2.1493 	3.539 	-999	-999	1.7003 	2.8518 	3.3769 	-999	1.6533 	2.8334 	3.5628 	-999	81
71	lor2	circle	4	0.55	-1	3 	 2.141308657565602 	 3 	 3.0	0.0	1.0	2	-1	1	-1	-999	-999	0.0	2.4822 	-999	-999	-999	2.4778 	-999	-999	-999	1.6863 	2.3209 	-999	-999	61
72	lor2	circle	4	0.55	1	3 	 2.4988601901481298 	 3 	 0.0	0.0	0.0	1	1	-1	-1	-999	0.0	-999	2.3843 	3.3419 	-999	-999	2.0876 	3.3104 	-999	-999	1.7292 	2.9784 	-999	-999	70
73	lor2	circle	8	0.16	1	3 	 2.16316693059152 	 2 	 7.0	6.0	3.0	2	1	-1	-1	-999	-999	0.0	2.3081 	-999	-999	-999	2.4018 	-999	-999	-999	2.0781 	3.1285 	-999	-999	117
74	lor2	circle	8	0.22	1	3 	 2.3711650488716938 	 3 	 4.0	7.0	7.0	2	1	-1	-1	-999	-999	0.0	2.4201 	3.2062 	-999	-999	2.3631 	3.7149 	-999	-999	1.5863 	2.8251 	-999	-999	127
75	lor2	circle	8	0.39	-1	3 	 2.0384927582003596 	 2 	 7.0	3.0	6.0	2	-1	1	-1	-999	-999	0.0	2.1382 	3.0562 	-999	-999	2.3681 	-999	-999	-999	1.7642 	2.8698 	-999	-999	110
76	lor2	circle	4	0.67	-1	0 	 2.6870525876113605 	 2 	 0.0	2.0	3.0	1	-1	1	-1	-999	2.0	-999	1.9532 	2.5244 	3.7708 	-999	2.359 	3.5568 	-999	-999	1.928 	3.1272 	-999	-999	81
77	lor2	circle	8	0.16	-1	3 	 2.2326604157345225 	 2 	 2.0	6.0	1.0	0	-1	1	-1	-0.0	-999	-999	2.2311 	3.122 	-999	-999	2.1684 	3.2338 	-999	-999	2.4864 	-999	-999	-999	119
78	lor2	circle	8	0.22	-1	3 	 2.667122541318595 	 3 	 4.0	7.0	2.0	1	-1	1	-1	-999	-0.0	-999	2.3643 	3.6961 	-999	-999	2.4219 	3.3895 	-999	-999	2.477 	3.1604 	-999	-999	146
79	lor2	circle	4	0.47	1	0 	 2.5065302351526118 	 2 	 2.0	3.0	1.0	2	1	-1	-1	-999	-999	1.0	1.8114 	2.9418 	-999	-999	2.2875 	3.3671 	-999	-999	2.1797 	3.6275 	-999	-999	72
80	lor2	circle	8	0.4	1	3 	 2.051918020147318 	 3 	 7.0	1.0	5.0	1	1	-1	-1	-999	0.0	-999	2.4529 	-999	-999	-999	1.7039 	2.3481 	-999	-999	2.2942 	-999	-999	-999	111
81	lor2	circle	8	0.39	1	3 	 2.2771271746266546 	 2 	 2.0	2.0	6.0	1	1	-1	-1	-999	0.0	-999	2.3603 	3.552 	-999	-999	2.1907 	2.6969 	-999	-999	1.7258 	2.8231 	-999	-999	122
82	lor2	circle	4	0.38	1	3 	 2.0945607749216366 	 3 	 0.0	0.0	0.0	1	1	-1	-1	-999	0.0	-999	2.0193 	2.5655 	-999	-999	1.6879 	2.5002 	-999	-999	1.5206 	2.4125 	-999	-999	58
83	lor2	circle	8	0.51	1	3 	 2.584351349612683 	 2 	 3.0	2.0	2.0	1	1	-1	-1	-999	0.0	-999	2.4411 	3.3786 	-999	-999	1.7004 	3.0234 	-999	-999	2.0983 	3.0625 	-999	-999	141
84	lor2	circle	8	0.12	-1	3 	 2.1218350414976013 	 3 	 1.0	4.0	7.0	2	-1	1	-1	-999	-999	-0.0	1.8218 	2.4762 	-999	-999	1.7628 	3.2401 	-999	-999	2.4934 	-999	-999	-999	115
85	lor2	circle	4	0.38	-1	3 	 2.556891000991883 	 3 	 0.0	3.0	2.0	2	-1	1	-1	-999	-999	0.0	1.6891 	3.0741 	-999	-999	1.8711 	3.034 	-999	-999	1.9308 	2.8319 	-999	-999	74
86	lor2	circle	8	0.27	-1	3 	 2.6509137554350004 	 2 	 1.0	6.0	0.0	0	-1	1	-1	0.0	-999	-999	2.2703 	3.6153 	-999	-999	2.2664 	3.602 	-999	-999	2.2121 	2.9538 	-999	-999	144
87	lor2	circle	4	0.87	1	3 	 2.3753896826163254 	 2 	 0.0	2.0	2.0	0	1	-1	-1	-0.0	-999	-999	1.7941 	2.8582 	-999	-999	2.4896 	-999	-999	-999	2.1991 	3.0233 	-999	-999	66
88	lor2	circle	4	0.47	-1	0 	 2.507905618158494 	 2 	 2.0	1.0	3.0	2	-1	1	-1	-999	-999	-1.0	1.853 	2.6781 	-999	-999	2.2834 	2.8167 	-999	-999	2.4654 	3.1927 	-999	-999	69
89	lor2	circle	8	0.27	1	3 	 2.3753358924439825 	 2 	 3.0	6.0	0.0	2	1	-1	-1	-999	-999	-0.0	2.2158 	3.6509 	-999	-999	1.8024 	3.037 	-999	-999	2.4585 	3.2018 	-999	-999	128
90	lor2	circle	4	0.72	1	3 	 2.5155112300575393 	 3 	 0.0	3.0	2.0	2	1	-1	-1	-999	-999	0.0	1.9789 	3.113 	-999	-999	2.2759 	3.7159 	-999	-999	2.4516 	3.3188 	-999	-999	68
91	lor2	circle	8	0.31	-1	0 	 2.181948148848393 	 3 	 4.0	7.0	2.0	2	-1	1	-1	-999	-999	1.0	1.9326 	3.0339 	-999	-999	1.9369 	3.4115 	-999	-999	2.0088 	3.1651 	-999	-999	118
92	lor2	circle	8	0.12	1	3 	 2.0992820509201766 	 3 	 2.0	1.0	0.0	1	1	-1	-1	-999	-0.0	-999	1.8837 	2.8785 	-999	-999	2.4124 	-999	-999	-999	1.9868 	3.2366 	-999	-999	113
93	lor2	circle	4	0.67	1	3 	 2.737950549027391 	 2 	 1.0	2.0	1.0	0	1	-1	-1	0.0	-999	-999	1.8587 	2.5207 	3.7691 	-999	2.4249 	3.5312 	-999	-999	2.4401 	2.9461 	-999	-999	72
94	lor2	circle	4	0.72	-1	3 	 2.7672621584045016 	 3 	 3.0	2.0	3.0	1	-1	1	-1	-999	-0.0	-999	2.0548 	2.6772 	3.6526 	-999	2.2843 	3.1535 	-999	-999	2.2043 	3.1221 	-999	-999	79
95	lor2	circle	4	0.87	-1	3 	 2.1137353019079885 	 2 	 1.0	1.0	2.0	1	-1	1	-1	-999	-0.0	-999	1.9965 	2.7117 	-999	-999	1.6498 	2.315 	-999	-999	1.808 	3.2406 	-999	-999	59
