trialnum	subject	basicShape	numObjects	speed	initialDirRing0	orderCorrect	trialDurTotal	numTargets	whichIsTargetEachRing0	whichIsTargetEachRing1	whichIsTargetEachRing2	ringToQuery	Direction0	Direction1	Direction2	respAdj0	respAdj1	respAdj2	rev0_0	rev0_1	rev0_2	rev0_3	rev1_0	rev1_1	rev1_2	rev1_3	rev2_0	rev2_1	rev2_2	rev2_3	timingBlips
0	yu1	circle	8	0.3	1	3 	 2.1844248731001015 	 2 	 -999.0	7.0	5.0	1	1	-1	-1	-999	0.0	-999	2.045 	3.0988 	-999	-999	1.6266 	2.3912 	-999	-999	1.7903 	2.5095 	-999	-999	90
1	yu1	circle	8	0.3	1	3 	 2.0283176480782084 	 3 	 0.0	1.0	3.0	2	1	-1	-1	-999	-999	0.0	1.5632 	2.5508 	-999	-999	2.494 	-999	-999	-999	1.6865 	2.3413 	-999	-999	83
2	yu1	circle	8	0.4	1	3 	 2.037950333092424 	 2 	 1.0	-999.0	4.0	0	1	-1	-1	-0.0	-999	-999	1.9435 	2.5834 	-999	-999	1.9987 	3.0567 	-999	-999	1.8669 	3.3293 	-999	-999	83
3	yu1	circle	4	0.5	-1	3 	 2.3937486974833333 	 2 	 3.0	-999.0	0.0	0	-1	1	-1	-0.0	-999	-999	2.4264 	3.6163 	-999	-999	2.2716 	3.4408 	-999	-999	2.2097 	3.0743 	-999	-999	139
4	yu1	circle	4	0.5	1	3 	 2.487292501148298 	 2 	 2.0	3.0	0.0	1	1	-1	-1	-999	0.0	-999	2.3668 	3.3957 	-999	-999	2.3536 	3.1272 	-999	-999	2.3896 	3.3215 	-999	-999	144
5	yu1	circle	4	0.2	1	3 	 2.710370850440499 	 3 	 3.0	1.0	2.0	2	1	-1	-1	-999	-999	0.0	2.2968 	3.4359 	-999	-999	1.9498 	2.7981 	3.3318 	-999	2.0287 	3.0606 	-999	-999	153
6	yu1	circle	8	0.4	-1	3 	 2.1306886638624087 	 3 	 2.0	6.0	2.0	0	-1	1	-1	-0.0	-999	-999	2.1662 	2.993 	-999	-999	2.1398 	3.496 	-999	-999	1.555 	2.7393 	-999	-999	86
7	yu1	circle	4	0.2	-1	3 	 2.5494537571288376 	 2 	 3.0	2.0	-999.0	0	-1	1	-1	0.0	-999	-999	2.2866 	3.4167 	-999	-999	2.0271 	2.6525 	-999	-999	2.3691 	3.5564 	-999	-999	147
8	yu1	circle	8	0.3	-1	3 	 2.6878965726977064 	 2 	 -999.0	3.0	7.0	1	-1	1	-1	-999	-0.0	-999	1.529 	2.7678 	4.1319 	-999	2.4402 	3.0406 	-999	-999	1.6627 	2.6908 	4.0358 	-999	111
9	yu1	circle	8	0.4	-1	3 	 2.1222257314404427 	 2 	 7.0	4.0	4.0	1	-1	1	-1	-999	0.0	-999	1.8232 	2.6416 	-999	-999	2.3419 	-999	-999	-999	1.7177 	2.2765 	-999	-999	87
10	yu1	circle	4	0.5	1	3 	 2.5633778457389678 	 3 	 1.0	1.0	2.0	0	1	-1	-1	-0.0	-999	-999	2.3467 	3.0675 	-999	-999	2.1082 	3.2514 	-999	-999	2.123 	3.4424 	-999	-999	148
11	yu1	circle	8	0.3	-1	3 	 2.6587655265973584 	 3 	 4.0	3.0	6.0	2	-1	1	-1	-999	-999	-0.0	1.9264 	2.949 	-999	-999	1.6479 	3.0042 	-999	-999	1.659 	2.5149 	3.5763 	-999	111
12	yu1	circle	4	0.2	1	3 	 2.731528533750391 	 2 	 1.0	3.0	-999.0	0	1	-1	-1	-0.0	-999	-999	2.2714 	2.9478 	-999	-999	2.3022 	2.9607 	-999	-999	2.0609 	3.0033 	-999	-999	153
13	yu1	circle	4	0.5	-1	3 	 2.3179360163249445 	 3 	 1.0	3.0	0.0	0	-1	1	-1	0.0	-999	-999	1.8003 	2.3813 	3.0428 	-999	1.8726 	3.1132 	-999	-999	1.7348 	2.6745 	-999	-999	132
14	yu1	circle	4	0.2	-1	3 	 2.6109669517346275 	 3 	 2.0	1.0	2.0	0	-1	1	-1	0.0	-999	-999	2.452 	3.5461 	-999	-999	2.0521 	2.9506 	-999	-999	2.4384 	3.8442 	-999	-999	152
15	yu1	circle	8	0.4	1	3 	 2.481684315258442 	 3 	 3.0	2.0	4.0	2	1	-1	-1	-999	-999	-0.0	1.945 	3.1328 	-999	-999	1.7145 	3.0088 	-999	-999	1.8726 	2.4603 	3.5647 	-999	101
16	yu1	circle	8	0.4	-1	3 	 2.195326736900967 	 2 	 3.0	0.0	4.0	0	-1	1	-1	-0.0	-999	-999	2.2914 	3.0422 	-999	-999	1.8012 	2.8744 	-999	-999	2.3312 	-999	-999	-999	85
17	yu1	circle	4	0.5	1	3 	 2.6812365212003257 	 2 	 0.0	3.0	2.0	2	1	-1	-1	-999	-999	0.0	1.7442 	2.6536 	3.2565 	-999	1.8082 	2.9222 	-999	-999	2.1482 	3.3811 	-999	-999	152
18	yu1	circle	8	0.3	1	3 	 2.565387145408056 	 3 	 6.0	0.0	6.0	1	1	-1	-1	-999	0.0	-999	2.0482 	2.9672 	-999	-999	1.717 	2.8407 	-999	-999	1.6147 	2.3871 	3.4089 	-999	104
19	yu1	circle	4	0.2	1	3 	 2.6671485902216068 	 3 	 0.0	3.0	3.0	2	1	-1	-1	-999	-999	0.0	1.7733 	2.3397 	3.7532 	-999	1.5774 	2.0824 	3.5577 	-999	2.2871 	2.9366 	-999	-999	149
20	yu1	circle	4	0.2	-1	3 	 2.290062850182491 	 3 	 2.0	2.0	0.0	1	-1	1	-1	-999	0.0	-999	1.6817 	3.1775 	-999	-999	1.5424 	2.2798 	3.6079 	-999	2.0255 	3.1452 	-999	-999	125
21	yu1	circle	8	0.3	-1	3 	 2.051019563867718 	 3 	 7.0	0.0	6.0	2	-1	1	-1	-999	-999	-0.0	2.1596 	-999	-999	-999	2.1304 	3.3547 	-999	-999	2.4977 	-999	-999	-999	73
22	yu1	circle	4	0.2	1	3 	 2.0293534835862754 	 2 	 3.0	3.0	3.0	2	1	-1	-1	-999	-999	0.0	1.839 	3.2791 	-999	-999	1.9587 	3.1745 	-999	-999	1.974 	3.3927 	-999	-999	115
23	yu1	circle	4	0.5	1	3 	 2.7168724379475733 	 3 	 2.0	2.0	0.0	2	1	-1	-1	-999	-999	0.0	1.7387 	3.0711 	-999	-999	1.7574 	2.8335 	-999	-999	2.1417 	2.9323 	-999	-999	150
24	yu1	circle	4	0.5	-1	3 	 2.265967746194479 	 3 	 3.0	1.0	1.0	1	-1	1	-1	-999	-0.0	-999	2.1944 	3.0457 	-999	-999	1.9283 	3.0285 	-999	-999	2.1703 	3.4241 	-999	-999	125
25	yu1	circle	8	0.3	-1	3 	 2.0120926853033323 	 2 	 -999.0	0.0	6.0	1	-1	1	-1	-999	-0.0	-999	2.2329 	-999	-999	-999	1.9242 	3.3755 	-999	-999	2.3369 	-999	-999	-999	78
26	yu1	circle	4	0.2	-1	3 	 2.0749974506154576 	 2 	 1.0	3.0	2.0	2	-1	1	-1	-999	-999	0.0	2.4572 	-999	-999	-999	1.9266 	2.8453 	-999	-999	1.9975 	3.3792 	-999	-999	120
27	yu1	circle	4	0.5	-1	3 	 2.498625686795924 	 2 	 0.0	2.0	3.0	1	-1	1	-1	-999	-0.0	-999	2.0879 	3.3386 	-999	-999	2.2994 	3.6612 	-999	-999	2.2224 	3.6628 	-999	-999	145
28	yu1	circle	8	0.4	-1	3 	 2.4231230413956286 	 3 	 6.0	2.0	4.0	1	-1	1	-1	-999	-0.0	-999	2.4307 	3.7235 	-999	-999	2.3206 	3.4104 	-999	-999	1.6278 	2.9303 	-999	-999	99
29	yu1	circle	8	0.4	1	3 	 2.019891025789298 	 3 	 4.0	1.0	7.0	0	1	-1	-1	0.0	-999	-999	2.0654 	3.1606 	-999	-999	2.0339 	2.8187 	-999	-999	1.901 	2.5189 	-999	-999	77
30	yu1	circle	8	0.4	1	3 	 2.6772392809938554 	 2 	 3.0	6.0	4.0	2	1	-1	-1	-999	-999	-0.0	2.3825 	3.74 	-999	-999	2.3118 	3.5003 	-999	-999	1.6824 	2.4775 	3.23 	-999	106
31	yu1	circle	8	0.3	1	3 	 2.0325690953354765 	 2 	 -999.0	0.0	6.0	1	1	-1	-1	-999	-0.0	-999	2.1953 	-999	-999	-999	2.4357 	-999	-999	-999	1.7358 	2.7057 	-999	-999	83
32	yu1	circle	4	0.5	-1	3 	 2.4467730522833877 	 3 	 1.0	3.0	2.0	1	-1	1	-1	-999	-0.0	-999	2.1441 	2.7138 	-999	-999	2.1727 	3.0945 	-999	-999	2.0581 	2.7334 	-999	-999	137
33	yu1	circle	8	0.4	-1	3 	 2.6744882350590906 	 3 	 5.0	3.0	4.0	1	-1	1	-1	-999	-0.0	-999	1.598 	2.6042 	3.2545 	-999	1.5358 	2.7239 	3.9984 	-999	1.8999 	2.8681 	-999	-999	109
34	yu1	circle	4	0.5	1	3 	 2.662467583435127 	 2 	 2.0	1.0	3.0	1	1	-1	-1	-999	-0.0	-999	1.6365 	2.5293 	3.8151 	-999	1.5282 	2.5986 	3.6678 	-999	2.2369 	3.2066 	-999	-999	143
35	yu1	circle	8	0.3	1	3 	 2.196458270108221 	 3 	 5.0	3.0	0.0	1	1	-1	-1	-999	0.0	-999	1.7028 	2.8152 	-999	-999	1.834 	2.8546 	-999	-999	2.3365 	-999	-999	-999	88
36	yu1	circle	8	0.3	-1	3 	 2.2750470746478917 	 3 	 3.0	0.0	4.0	1	-1	1	-1	-999	-0.0	-999	1.7278 	3.1145 	-999	-999	2.0323 	2.6696 	-999	-999	1.7651 	2.2943 	3.1336 	-999	86
37	yu1	circle	4	0.2	1	3 	 2.250771724708235 	 2 	 3.0	2.0	2.0	0	1	-1	-1	-0.0	-999	-999	1.7796 	2.5563 	-999	-999	2.4232 	-999	-999	-999	2.3399 	3.1899 	-999	-999	128
38	yu1	circle	8	0.4	-1	3 	 2.55291935021517 	 2 	 3.0	4.0	5.0	1	-1	1	-1	-999	-0.0	-999	1.6762 	2.6322 	3.6382 	-999	2.0843 	2.9854 	-999	-999	1.9266 	3.3052 	-999	-999	90
39	yu1	circle	8	0.3	-1	3 	 2.555086437815883 	 2 	 4.0	0.0	2.0	2	-1	1	-1	-999	-999	0.0	1.7958 	2.5919 	3.2058 	-999	2.2788 	3.2663 	-999	-999	2.1915 	2.7911 	-999	-999	65
40	yu1	circle	4	0.5	1	3 	 2.160726817362935 	 3 	 0.0	3.0	3.0	1	1	-1	-1	-999	0.0	-999	2.4207 	-999	-999	-999	1.8266 	2.4874 	-999	-999	2.4918 	-999	-999	-999	123
41	yu1	circle	8	0.3	1	3 	 2.3252433898064253 	 2 	 6.0	4.0	2.0	1	1	-1	-1	-999	-0.0	-999	2.2024 	3.0761 	-999	-999	2.4186 	3.503 	-999	-999	1.9622 	2.8468 	-999	-999	87
42	yu1	circle	4	0.2	-1	3 	 2.056044106888879 	 2 	 1.0	2.0	3.0	2	-1	1	-1	-999	-999	0.0	1.9072 	2.9605 	-999	-999	1.6985 	2.9558 	-999	-999	1.8379 	3.1386 	-999	-999	117
43	yu1	circle	4	0.5	-1	3 	 2.4993457669904684 	 2 	 1.0	3.0	3.0	1	-1	1	-1	-999	-0.0	-999	2.4594 	3.4782 	-999	-999	2.3149 	3.229 	-999	-999	2.335 	3.054 	-999	-999	138
44	yu1	circle	8	0.4	1	3 	 2.1520322220752224 	 3 	 7.0	2.0	7.0	0	1	-1	-1	-0.0	-999	-999	1.5119 	2.342 	-999	-999	2.2595 	-999	-999	-999	1.5993 	2.4949 	-999	-999	76
45	yu1	circle	8	0.4	1	3 	 2.1524447794846813 	 2 	 5.0	4.0	4.0	0	1	-1	-1	-0.0	-999	-999	1.5964 	2.9562 	-999	-999	1.9819 	3.2447 	-999	-999	1.8032 	2.7493 	-999	-999	83
46	yu1	circle	4	0.2	1	3 	 2.16172571652036 	 3 	 3.0	2.0	0.0	0	1	-1	-1	-0.0	-999	-999	2.1113 	2.9627 	-999	-999	1.8711 	3.3359 	-999	-999	2.3175 	-999	-999	-999	115
47	yu1	circle	4	0.2	-1	3 	 2.462051999375571 	 3 	 3.0	3.0	0.0	0	-1	1	-1	0.0	-999	-999	1.6867 	3.1421 	-999	-999	1.9797 	2.634 	-999	-999	1.5953 	2.3698 	3.0528 	-999	134
48	yu1	circle	8	0.3	1	3 	 2.5680749090994492 	 3 	 4.0	5.0	3.0	0	1	-1	-1	0.0	-999	-999	1.8265 	2.428 	3.0616 	-999	1.6723 	2.6288 	3.1459 	-999	1.9586 	2.8437 	-999	-999	100
49	yu1	circle	8	0.4	1	3 	 2.293120689639007 	 3 	 5.0	3.0	2.0	2	1	-1	-1	-999	-999	0.0	2.1459 	3.3197 	-999	-999	1.8775 	2.9538 	-999	-999	1.7583 	2.8621 	-999	-999	88
50	yu1	circle	8	0.3	-1	3 	 2.5562053320310056 	 2 	 5.0	3.0	2.0	1	-1	1	-1	-999	0.0	-999	2.1909 	3.0704 	-999	-999	1.862 	2.4932 	3.2509 	-999	1.9003 	2.4047 	3.6299 	-999	99
51	yu1	circle	4	0.5	-1	3 	 2.3179647298348365 	 2 	 3.0	3.0	1.0	0	-1	1	-1	-0.0	-999	-999	2.4113 	3.8519 	-999	-999	1.5441 	3.0263 	-999	-999	1.9297 	2.5549 	-999	-999	132
52	yu1	circle	8	0.4	-1	3 	 2.316129005495269 	 3 	 1.0	1.0	6.0	2	-1	1	-1	-999	-999	0.0	2.4614 	-999	-999	-999	2.1676 	3.0369 	-999	-999	1.7128 	2.664 	-999	-999	80
53	yu1	circle	8	0.3	1	3 	 2.6679259550973233 	 2 	 0.0	6.0	2.0	1	1	-1	-1	-999	0.0	-999	2.2199 	3.3483 	-999	-999	2.4859 	3.5288 	-999	-999	2.4134 	3.0638 	-999	-999	83
54	yu1	circle	4	0.5	1	3 	 2.365344325004398 	 2 	 3.0	1.0	2.0	2	1	-1	-1	-999	-999	0.0	2.1016 	3.5717 	-999	-999	2.2355 	3.3122 	-999	-999	1.5068 	2.4002 	3.4627 	-999	91
55	yu1	circle	4	0.2	1	3 	 2.380447163489025 	 2 	 1.0	0.0	3.0	0	1	-1	-1	-0.0	-999	-999	1.5338 	2.6797 	-999	-999	2.4478 	3.8829 	-999	-999	1.8115 	3.2651 	-999	-999	115
56	yu1	circle	8	0.4	-1	3 	 2.255786497259643 	 2 	 5.0	6.0	1.0	2	-1	1	-1	-999	-999	-0.0	2.3565 	-999	-999	-999	1.8283 	2.6363 	-999	-999	2.4675 	-999	-999	-999	83
57	yu1	circle	4	0.2	1	3 	 2.4977443679686604 	 3 	 1.0	3.0	3.0	0	1	-1	-1	-0.0	-999	-999	1.9843 	3.4073 	-999	-999	1.8084 	2.3155 	3.237 	-999	1.721 	2.4945 	3.4417 	-999	139
58	yu1	circle	4	0.5	1	3 	 2.759695248376802 	 3 	 0.0	2.0	0.0	2	1	-1	-1	-999	-999	0.0	2.2962 	3.0166 	-999	-999	1.7858 	3.1342 	-999	-999	2.4853 	3.6622 	-999	-999	153
59	yu1	circle	8	0.3	-1	3 	 2.1958682748650697 	 3 	 0.0	3.0	3.0	1	-1	1	-1	-999	-0.0	-999	2.41 	-999	-999	-999	1.5075 	2.7388 	-999	-999	1.5173 	2.1013 	2.7651 	-999	77
60	yu1	circle	4	0.2	-1	3 	 2.794667679159863 	 2 	 3.0	0.0	1.0	0	-1	1	-1	-0.0	-999	-999	1.5572 	2.4054 	3.1328 	-999	1.7444 	2.8015 	3.3689 	-999	1.9066 	2.9291 	-999	-999	157
61	yu1	circle	4	0.5	-1	3 	 2.7464066135775087 	 3 	 3.0	0.0	1.0	1	-1	1	-1	-999	-0.0	-999	1.5424 	2.3018 	2.8617 	-999	1.696 	2.7489 	4.2422 	-999	1.651 	2.5643 	3.0741 	-999	153
62	yu1	circle	8	0.4	1	3 	 2.234978558487869 	 2 	 4.0	1.0	1.0	0	1	-1	-1	-0.0	-999	-999	1.808 	3.1499 	-999	-999	2.1865 	3.6525 	-999	-999	1.5697 	2.3585 	-999	-999	81
63	yu1	circle	4	0.2	-1	3 	 2.667314822101812 	 3 	 0.0	2.0	2.0	2	-1	1	-1	-999	-999	0.0	2.0748 	3.3101 	-999	-999	1.6608 	3.1152 	-999	-999	2.2568 	3.4362 	-999	-999	151
64	yu1	circle	8	0.4	1	3 	 2.1026047946971564 	 3 	 5.0	5.0	7.0	0	1	-1	-1	-0.0	-999	-999	2.0842 	2.7763 	-999	-999	1.557 	2.396 	-999	-999	2.3123 	-999	-999	-999	74
65	yu1	circle	8	0.4	1	3 	 2.3040604964694156 	 2 	 4.0	4.0	1.0	1	1	-1	-1	-999	0.0	-999	2.3716 	3.1657 	-999	-999	1.9571 	3.1614 	-999	-999	1.5658 	2.2032 	3.1105 	-999	92
66	yu1	circle	4	0.2	1	3 	 2.6625161775811175 	 3 	 1.0	0.0	3.0	0	1	-1	-1	0.0	-999	-999	1.5028 	2.0751 	3.3673 	-999	2.3536 	3.3175 	-999	-999	1.9703 	2.7802 	-999	-999	147
67	yu1	circle	4	0.2	-1	3 	 2.4366665865072537 	 2 	 3.0	1.0	3.0	1	-1	1	-1	-999	-0.0	-999	2.3011 	2.9705 	-999	-999	1.8311 	3.0646 	-999	-999	1.7508 	3.0925 	-999	-999	132
68	yu1	circle	4	0.5	-1	3 	 2.49510769773773 	 3 	 3.0	3.0	2.0	0	-1	1	-1	0.0	-999	-999	2.188 	3.0019 	-999	-999	2.1259 	3.2006 	-999	-999	2.2525 	3.6972 	-999	-999	140
69	yu1	circle	8	0.4	-1	3 	 2.238283529763004 	 3 	 3.0	3.0	3.0	1	-1	1	-1	-999	0.0	-999	2.3892 	-999	-999	-999	2.3665 	-999	-999	-999	2.0027 	2.5157 	-999	-999	71
70	yu1	circle	8	0.3	-1	3 	 2.580411068016434 	 3 	 3.0	1.0	3.0	2	-1	1	-1	-999	-999	-0.0	1.5711 	2.7266 	-999	-999	2.0269 	2.6066 	3.5656 	-999	1.721 	2.234 	3.2501 	-999	94
71	yu1	circle	8	0.3	1	3 	 2.639484378097993 	 3 	 0.0	1.0	0.0	1	1	-1	-1	-999	-0.0	-999	1.6457 	2.6318 	3.3492 	-999	2.0231 	2.5896 	3.6461 	-999	1.952 	2.8035 	-999	-999	94
72	yu1	circle	8	0.3	1	3 	 2.2060242012745697 	 2 	 1.0	6.0	2.0	0	1	-1	-1	-0.0	-999	-999	1.7235 	2.559 	-999	-999	1.5097 	2.5336 	-999	-999	2.1629 	3.1431 	-999	-999	80
73	yu1	circle	4	0.5	-1	3 	 2.6436183925361663 	 2 	 2.0	1.0	2.0	0	-1	1	-1	0.0	-999	-999	1.95 	3.4377 	-999	-999	2.2668 	3.3862 	-999	-999	2.1712 	3.3797 	-999	-999	145
74	yu1	circle	4	0.2	1	3 	 2.0971556392642743 	 2 	 2.0	1.0	2.0	0	1	-1	-1	0.0	-999	-999	2.4154 	-999	-999	-999	2.4421 	-999	-999	-999	2.0163 	2.8231 	-999	-999	110
75	yu1	circle	4	0.5	1	3 	 2.0117697181880696 	 3 	 2.0	2.0	2.0	1	1	-1	-1	-999	0.0	-999	1.5092 	2.7885 	-999	-999	1.8787 	3.0595 	-999	-999	2.2142 	-999	-999	-999	99
76	yu1	circle	4	0.5	1	3 	 2.7232895834939503 	 2 	 2.0	3.0	2.0	0	1	-1	-1	-0.0	-999	-999	2.0813 	3.3001 	-999	-999	1.5567 	2.8457 	-999	-999	2.0753 	2.7562 	3.4709 	-999	153
77	yu1	circle	8	0.4	-1	3 	 2.5482761155238998 	 2 	 4.0	4.0	3.0	2	-1	1	-1	-999	-999	0.0	1.7643 	2.8602 	-999	-999	1.8683 	3.1941 	-999	-999	2.3484 	3.1066 	-999	-999	93
78	yu1	circle	8	0.3	-1	3 	 2.691019356168481 	 2 	 5.0	5.0	2.0	0	-1	1	-1	0.0	-999	-999	2.4698 	3.7608 	-999	-999	2.106 	2.6181 	3.2389 	-999	2.4703 	3.3735 	-999	-999	98
79	yu1	circle	4	0.2	-1	3 	 2.4562384821567242 	 3 	 0.0	1.0	0.0	0	-1	1	-1	0.0	-999	-999	2.1926 	3.2214 	-999	-999	2.3 	2.8894 	-999	-999	1.88 	2.5858 	-999	-999	137
80	yu1	circle	8	0.4	1	3 	 2.439185246145418 	 3 	 4.0	7.0	6.0	1	1	-1	-1	-999	0.0	-999	2.2421 	3.0337 	-999	-999	2.127 	3.3009 	-999	-999	2.0886 	2.7309 	-999	-999	87
81	yu1	circle	8	0.4	-1	3 	 2.0463125523722243 	 3 	 3.0	7.0	3.0	2	-1	1	-1	-999	-999	-0.0	2.2047 	-999	-999	-999	2.1441 	3.0908 	-999	-999	2.3541 	-999	-999	-999	66
82	yu1	circle	8	0.3	1	3 	 2.266509005208441 	 2 	 5.0	7.0	5.0	1	1	-1	-1	-999	-0.0	-999	1.7673 	2.9916 	-999	-999	2.3726 	-999	-999	-999	2.1005 	2.682 	-999	-999	79
83	yu1	circle	8	0.4	1	3 	 2.292676927840176 	 2 	 5.0	6.0	3.0	0	1	-1	-1	-0.0	-999	-999	1.5487 	2.9889 	-999	-999	1.8172 	3.0617 	-999	-999	2.1166 	2.6462 	-999	-999	80
84	yu1	circle	4	0.5	1	3 	 2.6464845331725932 	 3 	 0.0	3.0	1.0	1	1	-1	-1	-999	0.0	-999	2.1814 	3.6235 	-999	-999	1.6894 	2.8444 	-999	-999	1.7652 	3.2567 	-999	-999	141
85	yu1	circle	8	0.4	-1	3 	 2.0777987697294504 	 2 	 4.0	6.0	2.0	0	-1	1	-1	0.0	-999	-999	1.8924 	3.1831 	-999	-999	2.0975 	3.2434 	-999	-999	1.5359 	2.4505 	-999	-999	75
86	yu1	circle	8	0.3	-1	3 	 2.5085745638522363 	 2 	 5.0	6.0	3.0	2	-1	1	-1	-999	-999	0.0	2.2314 	2.885 	-999	-999	2.4789 	3.3469 	-999	-999	2.1714 	3.1967 	-999	-999	71
87	yu1	circle	4	0.5	-1	3 	 2.044713151544326 	 3 	 1.0	1.0	0.0	0	-1	1	-1	0.0	-999	-999	1.6323 	2.3398 	-999	-999	1.7606 	2.6443 	-999	-999	2.3838 	-999	-999	-999	97
88	yu1	circle	4	0.2	-1	3 	 2.190150598734966 	 2 	 2.0	2.0	3.0	1	-1	1	-1	-999	0.0	-999	1.8587 	3.0191 	-999	-999	2.3163 	-999	-999	-999	2.2131 	3.397 	-999	-999	110
89	yu1	circle	4	0.5	-1	3 	 2.0398139406108067 	 2 	 1.0	3.0	1.0	2	-1	1	-1	-999	-999	-0.0	2.3856 	-999	-999	-999	1.7969 	2.964 	-999	-999	2.1314 	3.1038 	-999	-999	94
90	yu1	circle	4	0.2	1	3 	 2.3035188789291725 	 3 	 3.0	0.0	3.0	1	1	-1	-1	-999	-0.0	-999	1.7944 	3.1644 	-999	-999	1.5309 	2.1755 	2.9314 	-999	1.9213 	2.8985 	-999	-999	126
91	yu1	circle	4	0.2	-1	3 	 2.353600681687012 	 3 	 1.0	1.0	3.0	2	-1	1	-1	-999	-999	0.0	1.7218 	2.6209 	-999	-999	1.6938 	2.3054 	3.4879 	-999	1.9603 	3.3366 	-999	-999	129
92	yu1	circle	8	0.3	-1	3 	 2.054118126920545 	 3 	 6.0	6.0	7.0	1	-1	1	-1	-999	0.0	-999	1.5911 	2.3822 	-999	-999	2.303 	-999	-999	-999	2.4303 	-999	-999	-999	74
93	yu1	circle	4	0.5	1	3 	 2.5780153837585837 	 2 	 0.0	3.0	2.0	2	1	-1	-1	-999	-999	-0.0	2.015 	2.5263 	3.2138 	-999	1.6766 	2.2832 	2.9341 	-999	1.5804 	2.5288 	3.623 	-999	142
94	yu1	circle	8	0.3	1	3 	 2.477668394031408 	 3 	 3.0	5.0	4.0	1	1	-1	-1	-999	0.0	-999	1.5866 	2.3267 	3.267 	-999	1.9828 	2.8027 	-999	-999	1.6864 	2.2739 	3.7161 	-999	87
95	yu1	circle	4	0.2	1	3 	 2.658909456481243 	 2 	 2.0	1.0	1.0	1	1	-1	-1	-999	0.0	-999	1.9609 	3.2167 	-999	-999	2.0849 	3.0666 	-999	-999	1.8291 	2.4381 	3.8162 	-999	152
96	yu1	circle	4	0.5	1	3 	 2.627321876025091 	 2 	 0.0	3.0	2.0	2	1	-1	-1	-999	-999	0.0	1.7499 	2.4767 	3.8322 	-999	1.9439 	2.7724 	-999	-999	1.5476 	2.6906 	3.5625 	-999	141
97	yu1	circle	8	0.4	1	3 	 2.3750040421193512 	 3 	 0.0	0.0	2.0	0	1	-1	-1	-0.0	-999	-999	2.2343 	3.6402 	-999	-999	1.5433 	2.2975 	3.4851 	-999	2.0291 	3.4169 	-999	-999	84
98	yu1	circle	8	0.4	1	3 	 2.4402454892876686 	 2 	 0.0	3.0	2.0	1	1	-1	-1	-999	0.0	-999	1.6382 	2.6661 	-999	-999	1.9275 	3.303 	-999	-999	2.2916 	3.3557 	-999	-999	91
99	yu1	circle	8	0.3	-1	3 	 2.300863286203514 	 3 	 7.0	6.0	1.0	0	-1	1	-1	0.0	-999	-999	2.018 	3.1281 	-999	-999	1.7635 	3.2501 	-999	-999	2.2475 	3.7443 	-999	-999	75
100	yu1	circle	4	0.2	-1	3 	 2.7816175671824777 	 2 	 0.0	0.0	1.0	0	-1	1	-1	0.0	-999	-999	2.2599 	3.0305 	-999	-999	2.0769 	2.7422 	3.2759 	-999	2.3999 	3.8149 	-999	-999	156
101	yu1	circle	8	0.3	1	3 	 2.0582643309999704 	 3 	 2.0	5.0	7.0	0	1	-1	-1	0.0	-999	-999	2.4112 	-999	-999	-999	1.5727 	2.9416 	-999	-999	1.7798 	2.7306 	-999	-999	75
102	yu1	circle	8	0.3	1	3 	 2.532526300371383 	 2 	 5.0	6.0	5.0	1	1	-1	-1	-999	0.0	-999	1.8153 	3.1883 	-999	-999	2.4694 	3.76 	-999	-999	2.2728 	2.8145 	-999	-999	88
103	yu1	circle	8	0.4	-1	3 	 2.1571771925364684 	 3 	 6.0	0.0	6.0	1	-1	1	-1	-999	-0.0	-999	2.1488 	2.7086 	-999	-999	1.5993 	2.6741 	-999	-999	2.286 	-999	-999	-999	69
104	yu1	circle	4	0.5	1	3 	 2.4381646306430325 	 3 	 1.0	2.0	3.0	0	1	-1	-1	0.0	-999	-999	2.4943 	3.4103 	-999	-999	2.2289 	3.1462 	-999	-999	2.2939 	3.2835 	-999	-999	126
105	yu1	circle	4	0.5	-1	3 	 2.431226778774617 	 2 	 0.0	3.0	0.0	2	-1	1	-1	-999	-999	0.0	1.8288 	2.458 	3.7514 	-999	2.4826 	3.1371 	-999	-999	2.3416 	3.6471 	-999	-999	129
106	yu1	circle	8	0.3	-1	3 	 2.166667446415321 	 2 	 5.0	0.0	6.0	1	-1	1	-1	-999	-0.0	-999	1.9604 	2.9065 	-999	-999	1.6973 	2.5208 	-999	-999	1.6834 	2.8474 	-999	-999	78
107	yu1	circle	4	0.2	1	3 	 2.6883992603676607 	 2 	 0.0	3.0	1.0	1	1	-1	-1	-999	-0.0	-999	2.1765 	3.3951 	-999	-999	1.7522 	2.2946 	3.7915 	-999	2.4083 	3.5013 	-999	-999	148
108	yu1	circle	4	0.2	1	3 	 2.681077331265382 	 3 	 1.0	0.0	1.0	1	1	-1	-1	-999	0.0	-999	1.9594 	3.3286 	-999	-999	2.2528 	3.4232 	-999	-999	1.7619 	2.7657 	4.0024 	-999	137
109	yu1	circle	8	0.4	-1	3 	 2.293640441893963 	 2 	 0.0	7.0	2.0	0	-1	1	-1	-0.0	-999	-999	2.4187 	-999	-999	-999	1.8851 	3.2273 	-999	-999	2.1705 	3.1641 	-999	-999	79
110	yu1	circle	4	0.2	-1	3 	 2.146825114628623 	 3 	 3.0	3.0	2.0	2	-1	1	-1	-999	-999	0.0	1.8313 	2.6419 	-999	-999	1.9961 	3.2813 	-999	-999	1.5539 	2.1844 	3.5053 	-999	115
111	yu1	circle	4	0.5	-1	3 	 2.788483192245962 	 3 	 1.0	2.0	2.0	2	-1	1	-1	-999	-999	0.0	1.8727 	2.6483 	4.0726 	-999	2.0842 	3.3837 	-999	-999	1.8374 	3.0828 	-999	-999	149
112	yu1	circle	4	0.5	1	3 	 2.2441451605811418 	 2 	 2.0	3.0	0.0	2	1	-1	-1	-999	-999	0.0	2.3412 	3.5931 	-999	-999	1.9037 	2.7868 	-999	-999	2.0862 	3.4423 	-999	-999	120
113	yu1	circle	8	0.3	1	3 	 2.765905713875331 	 3 	 2.0	1.0	1.0	0	1	-1	-1	-0.0	-999	-999	1.9463 	2.9827 	-999	-999	1.7965 	2.4163 	2.9288 	-999	2.492 	3.188 	-999	-999	96
114	yu1	circle	4	0.5	-1	3 	 2.332263945738814 	 3 	 1.0	2.0	2.0	0	-1	1	-1	-0.0	-999	-999	2.4589 	-999	-999	-999	2.4709 	-999	-999	-999	1.7285 	2.7021 	-999	-999	123
115	yu1	circle	4	0.2	1	3 	 2.517524535058925 	 3 	 0.0	1.0	2.0	2	1	-1	-1	-999	-999	0.0	1.54 	2.9722 	-999	-999	2.4317 	3.6136 	-999	-999	2.0301 	3.5121 	-999	-999	140
116	yu1	circle	4	0.2	-1	3 	 2.012868379063313 	 3 	 2.0	0.0	0.0	2	-1	1	-1	-999	-999	-0.0	1.6227 	2.698 	-999	-999	1.5762 	2.7004 	-999	-999	2.1604 	-999	-999	-999	110
117	yu1	circle	4	0.5	1	3 	 2.580449960024977 	 3 	 0.0	3.0	2.0	1	1	-1	-1	-999	0.0	-999	1.8551 	2.4094 	3.4675 	-999	1.778 	2.6327 	4.007 	-999	2.3587 	3.197 	-999	-999	142
118	yu1	circle	4	0.2	-1	3 	 2.028514906448097 	 2 	 3.0	3.0	1.0	0	-1	1	-1	0.0	-999	-999	1.8094 	2.9756 	-999	-999	1.8776 	2.938 	-999	-999	2.4719 	-999	-999	-999	110
119	yu1	circle	8	0.3	1	3 	 2.6830530399218806 	 2 	 2.0	0.0	4.0	0	1	-1	-1	-0.0	-999	-999	2.2732 	3.4779 	-999	-999	1.5217 	2.7793 	3.9718 	-999	1.8593 	2.4188 	2.9212 	-999	88
120	yu1	circle	8	0.4	1	0 	 2.3686849969079535 	 2 	 5.0	7.0	2.0	1	1	-1	-1	-999	-999	-999	2.1973 	3.3806 	-999	-999	2.1559 	3.2831 	-999	-999	2.1531 	3.6403 	-999	-999	66
