trialnum	subject	basicShape	numObjects	speed	initialDirRing0	orderCorrect	trialDurTotal	numTargets	whichIsTargetEachRing0	whichIsTargetEachRing1	whichIsTargetEachRing2	ringToQuery	Direction0	Direction1	Direction2	respAdj0	respAdj1	respAdj2	rev0_0	rev0_1	rev0_2	rev0_3	rev1_0	rev1_1	rev1_2	rev1_3	rev2_0	rev2_1	rev2_2	rev2_3	timingBlips
0	yue4	circle	8	0.2	1	3 	 2.5052689206335654 	 3 	 0.0	5.0	4.0	2	1	-1	-1	-999	-999	0.0	2.1512 	3.5912 	-999	-999	1.7848 	3.1679 	-999	-999	1.9852 	3.2995 	-999	-999	128
1	yue4	circle	4	0.38	1	3 	 2.672661886297764 	 2 	 0.0	-999.0	2.0	0	1	-1	-1	0.0	-999	-999	1.6078 	2.151 	3.5072 	-999	1.8018 	2.7736 	-999	-999	2.2683 	2.977 	-999	-999	72
2	yue4	circle	4	0.67	1	3 	 2.694874147676473 	 2 	 0.0	1.0	-999.0	0	1	-1	-1	-0.0	-999	-999	2.4638 	3.2041 	-999	-999	1.9009 	2.7782 	3.3861 	-999	2.45 	2.954 	-999	-999	74
3	yue4	circle	4	0.67	-1	3 	 2.307787511580684 	 2 	 0.0	1.0	3.0	2	-1	1	-1	-999	-999	0.0	2.3518 	2.8704 	-999	-999	1.856 	2.6042 	-999	-999	1.5881 	2.8675 	-999	-999	62
4	yue4	circle	8	0.65	-1	0 	 2.7252806302207504 	 3 	 2.0	0.0	3.0	2	-1	1	-1	-999	-999	1.0	2.3793 	3.6991 	-999	-999	1.6933 	2.8897 	-999	-999	2.1899 	3.5402 	-999	-999	145
5	yue4	circle	4	0.72	1	3 	 2.353505293949216 	 3 	 3.0	3.0	0.0	1	1	-1	-1	-999	-0.0	-999	1.5153 	2.1262 	3.0915 	-999	1.6853 	2.3189 	3.5408 	-999	2.0866 	2.9421 	-999	-999	64
6	yue4	circle	8	0.91	-1	3 	 2.1145878285539275 	 2 	 -999.0	4.0	3.0	2	-1	1	-1	-999	-999	0.0	2.3357 	-999	-999	-999	2.2608 	-999	-999	-999	2.0798 	3.17 	-999	-999	111
7	yue4	circle	4	0.94	1	3 	 2.3124682868886475 	 3 	 0.0	2.0	3.0	0	1	-1	-1	-0.0	-999	-999	1.8367 	3.1138 	-999	-999	2.0183 	3.2297 	-999	-999	1.9357 	2.8679 	-999	-999	63
8	yue4	circle	4	1.25	1	3 	 2.717435483261252 	 2 	 2.0	-999.0	3.0	2	1	-1	-1	-999	-999	-0.0	1.9052 	2.7825 	3.4645 	-999	1.71 	2.7655 	3.8733 	-999	1.8796 	2.5132 	3.9292 	-999	74
9	yue4	circle	8	0.49	-1	3 	 2.6484328863838402 	 2 	 1.0	-999.0	2.0	2	-1	1	-1	-999	-999	0.0	2.2615 	3.6522 	-999	-999	1.8426 	2.9447 	-999	-999	1.5567 	2.6804 	3.9046 	-999	140
10	yue4	circle	8	0.5	-1	3 	 2.470915549610697 	 3 	 6.0	5.0	5.0	1	-1	1	-1	-999	-0.0	-999	2.3555 	3.7236 	-999	-999	1.8399 	3.2767 	-999	-999	1.8183 	3.2145 	-999	-999	130
11	yue4	circle	4	0.5	1	3 	 2.367345225510106 	 3 	 2.0	1.0	1.0	1	1	-1	-1	-999	-0.0	-999	2.4804 	-999	-999	-999	2.4871 	-999	-999	-999	1.8631 	3.3209 	-999	-999	65
12	yue4	circle	8	0.35	1	3 	 2.5398259481485477 	 3 	 3.0	2.0	7.0	0	1	-1	-1	-0.0	-999	-999	1.8714 	2.6193 	4.1146 	-999	2.1664 	3.3597 	-999	-999	1.7687 	2.7575 	-999	-999	134
13	yue4	circle	8	0.28	-1	3 	 2.010102367952914 	 2 	 5.0	5.0	-999.0	0	-1	1	-1	0.0	-999	-999	1.7397 	2.5623 	-999	-999	2.0774 	3.3014 	-999	-999	1.8306 	2.7412 	-999	-999	104
14	yue4	circle	8	0.35	-1	3 	 2.505212947629157 	 3 	 7.0	4.0	4.0	1	-1	1	-1	-999	-0.0	-999	2.1668 	3.3044 	-999	-999	2.3371 	3.8139 	-999	-999	2.2085 	2.9925 	-999	-999	132
15	yue4	circle	4	0.96	-1	3 	 2.215691806546017 	 2 	 -999.0	3.0	2.0	2	-1	1	-1	-999	-999	0.0	1.7677 	2.2915 	3.2644 	-999	2.2025 	2.7704 	-999	-999	1.687 	2.4347 	-999	-999	62
16	yue4	circle	8	0.28	1	3 	 2.6901638658320244 	 2 	 0.0	1.0	-999.0	1	1	-1	-1	-999	0.0	-999	1.8966 	2.5437 	3.5738 	-999	2.197 	3.2325 	-999	-999	1.8854 	2.6874 	3.3169 	-999	141
17	yue4	circle	8	0.91	1	0 	 2.2844517567851734 	 2 	 2.0	4.0	5.0	2	1	-1	-1	-999	-999	1.0	2.471 	-999	-999	-999	1.872 	2.4583 	-999	-999	2.0949 	3.334 	-999	-999	120
18	yue4	circle	8	0.7	1	3 	 2.6676947634894437 	 2 	 -999.0	5.0	2.0	1	1	-1	-1	-999	0.0	-999	2.0281 	3.4292 	-999	-999	1.8646 	2.6976 	3.8772 	-999	1.8571 	2.7879 	-999	-999	142
19	yue4	circle	8	0.65	1	3 	 2.103954628320693 	 3 	 0.0	4.0	5.0	1	1	-1	-1	-999	-0.0	-999	1.5703 	2.1663 	3.1231 	-999	2.2141 	-999	-999	-999	2.0412 	3.416 	-999	-999	111
20	yue4	circle	4	0.94	-1	3 	 2.103351781061375 	 3 	 2.0	2.0	0.0	2	-1	1	-1	-999	-999	0.0	2.164 	3.3652 	-999	-999	1.7434 	2.6173 	-999	-999	1.8998 	2.6975 	-999	-999	55
21	yue4	circle	4	0.5	-1	3 	 2.6521557062103227 	 3 	 2.0	2.0	3.0	0	-1	1	-1	0.0	-999	-999	1.5529 	2.8811 	-999	-999	1.7374 	2.8633 	-999	-999	2.4252 	3.0292 	-999	-999	71
22	yue4	circle	4	0.29	-1	3 	 2.245476174266737 	 3 	 0.0	2.0	0.0	0	-1	1	-1	0.0	-999	-999	2.1118 	2.7547 	-999	-999	1.519 	2.5805 	-999	-999	2.4936 	-999	-999	-999	63
23	yue4	circle	8	0.5	1	3 	 2.4202383304932606 	 3 	 2.0	7.0	4.0	0	1	-1	-1	-0.0	-999	-999	1.8363 	2.5426 	-999	-999	1.5264 	2.7706 	-999	-999	2.0893 	3.3058 	-999	-999	128
24	yue4	circle	8	0.7	-1	3 	 2.026370092874942 	 2 	 -999.0	0.0	2.0	2	-1	1	-1	-999	-999	0.0	1.9212 	3.2191 	-999	-999	2.281 	-999	-999	-999	1.5218 	2.9262 	-999	-999	106
25	yue4	circle	4	0.72	-1	3 	 2.2369999969579806 	 3 	 0.0	3.0	3.0	0	-1	1	-1	0.0	-999	-999	1.6018 	2.2568 	3.661 	-999	1.7544 	2.8278 	-999	-999	2.1552 	3.2395 	-999	-999	60
26	yue4	circle	8	0.2	-1	3 	 2.3739321022677 	 3 	 1.0	2.0	0.0	1	-1	1	-1	-999	-0.0	-999	2.3339 	3.0852 	-999	-999	2.0351 	2.7978 	-999	-999	2.4922 	-999	-999	-999	124
27	yue4	circle	4	0.96	1	3 	 2.164147877709842 	 2 	 -999.0	3.0	3.0	1	1	-1	-1	-999	0.0	-999	1.9079 	2.8726 	-999	-999	1.5033 	2.4824 	-999	-999	1.9358 	2.4877 	-999	-999	59
28	yue4	circle	4	1.25	-1	0 	 2.2222340345343854 	 2 	 2.0	0.0	1.0	1	-1	1	-1	-999	-1.0	-999	2.2552 	3.259 	-999	-999	1.6932 	3.1742 	-999	-999	2.0182 	3.1062 	-999	-999	59
29	yue4	circle	8	0.49	1	0 	 2.6486350580737277 	 2 	 2.0	-999.0	0.0	0	1	-1	-1	-1.0	-999	-999	1.5215 	2.3532 	3.5862 	-999	1.8083 	3.0341 	-999	-999	2.306 	3.5052 	-999	-999	140
30	yue4	circle	4	0.38	-1	3 	 2.5179480741758753 	 2 	 1.0	-999.0	3.0	0	-1	1	-1	0.0	-999	-999	2.0055 	3.0014 	-999	-999	1.5113 	2.952 	-999	-999	2.4472 	2.9629 	-999	-999	68
31	yue4	circle	4	0.29	1	3 	 2.0665520410174754 	 3 	 3.0	3.0	0.0	0	1	-1	-1	0.0	-999	-999	2.2974 	-999	-999	-999	1.7914 	2.4281 	-999	-999	1.7245 	2.9922 	-999	-999	59
32	yue4	circle	8	0.28	1	3 	 2.707961646253993 	 2 	 4.0	7.0	-999.0	1	1	-1	-1	-999	-0.0	-999	2.199 	3.0348 	-999	-999	1.5529 	2.5233 	3.1908 	-999	1.9883 	2.6862 	3.7625 	-999	142
33	yue4	circle	8	0.35	1	3 	 2.3794218798566784 	 3 	 5.0	0.0	4.0	1	1	-1	-1	-999	-0.0	-999	2.3596 	3.1675 	-999	-999	1.6043 	2.2259 	3.6433 	-999	2.4139 	3.628 	-999	-999	125
34	yue4	circle	8	0.5	-1	0 	 2.729111661475329 	 3 	 6.0	1.0	7.0	2	-1	1	-1	-999	-999	1.0	2.1244 	3.4434 	-999	-999	1.6218 	2.9852 	-999	-999	2.2687 	2.8922 	-999	-999	144
35	yue4	circle	8	0.2	1	3 	 2.063707234484803 	 3 	 2.0	4.0	3.0	2	1	-1	-1	-999	-999	-0.0	1.7163 	2.6661 	-999	-999	1.5032 	2.2616 	-999	-999	2.2291 	-999	-999	-999	107
36	yue4	circle	8	0.49	1	3 	 2.5270824890323524 	 2 	 2.0	0.0	5.0	1	1	-1	-1	-999	0.0	-999	1.6213 	2.3241 	3.2313 	-999	2.2432 	3.5208 	-999	-999	2.3767 	3.4061 	-999	-999	132
37	yue4	circle	8	0.49	-1	3 	 2.2827809383130084 	 2 	 4.0	0.0	3.0	0	-1	1	-1	0.0	-999	-999	1.8784 	3.2426 	-999	-999	2.3886 	-999	-999	-999	1.6336 	2.6626 	-999	-999	120
38	yue4	circle	4	1.25	-1	0 	 2.2651341554863915 	 2 	 2.0	1.0	2.0	1	-1	1	-1	-999	-2.0	-999	1.8362 	3.1091 	-999	-999	2.1262 	3.4773 	-999	-999	2.3564 	3.2188 	-999	-999	62
39	yue4	circle	4	0.67	-1	3 	 2.5451964080213134 	 2 	 3.0	1.0	2.0	2	-1	1	-1	-999	-999	0.0	1.6232 	2.7706 	-999	-999	1.9343 	3.0586 	-999	-999	2.1967 	3.5637 	-999	-999	70
40	yue4	circle	4	0.96	1	3 	 2.0009357131139702 	 2 	 3.0	3.0	0.0	2	1	-1	-1	-999	-999	0.0	1.6159 	2.3555 	-999	-999	1.8708 	3.2433 	-999	-999	1.8489 	3.2664 	-999	-999	55
41	yue4	circle	4	0.72	-1	3 	 2.089225497752531 	 3 	 0.0	2.0	2.0	1	-1	1	-1	-999	-0.0	-999	2.3734 	-999	-999	-999	1.7563 	2.3788 	-999	-999	1.6843 	3.1809 	-999	-999	56
42	yue4	circle	4	0.38	1	3 	 2.684485224486471 	 2 	 0.0	1.0	3.0	0	1	-1	-1	-0.0	-999	-999	1.7974 	2.8412 	-999	-999	2.1461 	2.7638 	3.906 	-999	1.7422 	2.5766 	3.6762 	-999	71
43	yue4	circle	8	0.35	-1	3 	 2.3565110570883427 	 3 	 4.0	6.0	4.0	1	-1	1	-1	-999	-0.0	-999	1.6973 	2.301 	2.9338 	-999	1.9535 	3.131 	-999	-999	1.9721 	2.6306 	-999	-999	122
44	yue4	circle	8	0.65	-1	3 	 2.5697315141749497 	 3 	 6.0	4.0	1.0	0	-1	1	-1	0.0	-999	-999	2.0228 	3.4184 	-999	-999	1.5809 	2.7061 	-999	-999	2.0787 	2.795 	-999	-999	135
45	yue4	circle	8	0.28	-1	3 	 2.6899088597491256 	 2 	 4.0	1.0	4.0	2	-1	1	-1	-999	-999	0.0	1.7095 	3.0159 	-999	-999	1.8461 	2.6659 	4.0904 	-999	1.8346 	3.3233 	-999	-999	141
46	yue4	circle	4	0.94	1	3 	 2.3694139714916416 	 3 	 3.0	3.0	2.0	1	1	-1	-1	-999	0.0	-999	1.8268 	2.3327 	3.619 	-999	1.5098 	2.7619 	-999	-999	2.1419 	3.3244 	-999	-999	66
47	yue4	circle	4	0.29	-1	3 	 2.6651376955334793 	 3 	 0.0	1.0	0.0	0	-1	1	-1	0.0	-999	-999	2.3644 	3.237 	-999	-999	1.8486 	2.6378 	3.1894 	-999	1.862 	3.1859 	-999	-999	72
48	yue4	circle	4	0.5	1	3 	 2.5756516318293605 	 3 	 2.0	1.0	3.0	0	1	-1	-1	-0.0	-999	-999	1.8577 	3.0962 	-999	-999	2.4008 	3.8102 	-999	-999	1.5143 	2.187 	2.7939 	-999	68
49	yue4	circle	8	0.2	-1	3 	 2.2284375285077886 	 3 	 2.0	4.0	5.0	2	-1	1	-1	-999	-999	0.0	1.9281 	2.4389 	-999	-999	2.0367 	2.8107 	-999	-999	1.5572 	2.7638 	-999	-999	115
50	yue4	circle	8	0.7	-1	0 	 2.7939161098400627 	 2 	 6.0	3.0	2.0	0	-1	1	-1	-1.0	-999	-999	1.7852 	2.9641 	-999	-999	1.5293 	2.3544 	3.6053 	-999	2.0299 	2.8385 	3.5763 	-999	146
51	yue4	circle	4	1.25	1	0 	 2.2781850829110404 	 2 	 1.0	1.0	3.0	2	1	-1	-1	-999	-999	1.0	1.5304 	2.3492 	3.358 	-999	1.7815 	3.1964 	-999	-999	1.8355 	2.7374 	-999	-999	64
52	yue4	circle	4	0.94	-1	0 	 2.7974140045320603 	 3 	 1.0	2.0	1.0	0	-1	1	-1	2.0	-999	-999	2.0351 	2.907 	-999	-999	1.5416 	2.7906 	3.53 	-999	1.9737 	2.6883 	4.0745 	-999	78
53	yue4	circle	4	0.5	-1	3 	 2.7561286638718614 	 3 	 2.0	2.0	3.0	2	-1	1	-1	-999	-999	0.0	2.239 	3.6232 	-999	-999	1.9146 	3.1317 	-999	-999	1.9298 	2.8961 	-999	-999	73
54	yue4	circle	8	0.7	1	3 	 2.5360445844547335 	 2 	 3.0	3.0	2.0	1	1	-1	-1	-999	-0.0	-999	1.7419 	2.6064 	3.6185 	-999	1.6542 	2.3202 	3.0803 	-999	1.9542 	3.3941 	-999	-999	130
55	yue4	circle	4	0.96	-1	3 	 2.4887486955424443 	 2 	 3.0	1.0	3.0	2	-1	1	-1	-999	-999	0.0	2.4305 	3.4801 	-999	-999	2.0891 	3.5306 	-999	-999	2.1956 	3.1073 	-999	-999	71
56	yue4	circle	4	0.38	-1	3 	 2.611305072489265 	 2 	 3.0	0.0	3.0	0	-1	1	-1	-0.0	-999	-999	1.8155 	2.4199 	3.3486 	-999	2.0707 	3.5625 	-999	-999	1.8375 	2.5345 	3.3714 	-999	62
57	yue4	circle	4	0.72	1	3 	 2.277670403992199 	 3 	 1.0	0.0	1.0	0	1	-1	-1	-0.0	-999	-999	2.0214 	2.9658 	-999	-999	2.396 	-999	-999	-999	1.9066 	3.3698 	-999	-999	55
58	yue4	circle	8	0.65	1	3 	 2.7111849488416038 	 3 	 0.0	1.0	4.0	2	1	-1	-1	-999	-999	0.0	2.4639 	3.3604 	-999	-999	2.2637 	3.0779 	-999	-999	2.1812 	3.6469 	-999	-999	137
59	yue4	circle	8	0.5	1	3 	 2.2767480672427434 	 3 	 6.0	3.0	2.0	0	1	-1	-1	-0.0	-999	-999	1.8308 	2.8309 	-999	-999	1.9288 	2.7315 	-999	-999	2.4443 	-999	-999	-999	118
60	yue4	circle	4	0.29	1	3 	 2.4037034294880515 	 3 	 2.0	2.0	2.0	0	1	-1	-1	-0.0	-999	-999	1.8194 	2.5716 	-999	-999	1.6095 	2.9585 	-999	-999	1.6691 	2.4226 	3.5862 	-999	66
61	yue4	circle	8	0.91	1	3 	 2.3556795930707186 	 2 	 2.0	7.0	7.0	1	1	-1	-1	-999	0.0	-999	1.6332 	2.9241 	-999	-999	2.1529 	2.706 	-999	-999	2.2235 	3.0592 	-999	-999	122
62	yue4	circle	8	0.91	-1	0 	 2.6870351350292414 	 2 	 2.0	1.0	5.0	2	-1	1	-1	-999	-999	-1.0	2.1772 	3.0296 	-999	-999	2.4347 	3.7095 	-999	-999	1.5563 	2.9923 	-999	-999	140
63	yue4	circle	4	0.67	1	3 	 2.0176225546541797 	 2 	 3.0	3.0	1.0	1	1	-1	-1	-999	0.0	-999	1.7239 	3.1467 	-999	-999	1.937 	3.2672 	-999	-999	1.5009 	2.4334 	-999	-999	53
64	yue4	circle	4	0.96	1	3 	 2.734116454391954 	 2 	 3.0	0.0	0.0	1	1	-1	-1	-999	-0.0	-999	2.1478 	3.4165 	-999	-999	1.6634 	2.3111 	3.6196 	-999	2.2049 	3.5584 	-999	-999	75
65	yue4	circle	8	0.2	1	3 	 2.1026581562351403 	 3 	 1.0	1.0	3.0	1	1	-1	-1	-999	-0.0	-999	2.4448 	-999	-999	-999	2.1303 	3.0075 	-999	-999	2.456 	-999	-999	-999	106
66	yue4	circle	4	0.96	-1	0 	 2.318555025593437 	 2 	 3.0	0.0	0.0	2	-1	1	-1	-999	-999	2.0	1.7798 	3.1014 	-999	-999	2.0016 	2.7227 	-999	-999	2.2203 	3.434 	-999	-999	60
67	yue4	circle	8	0.7	-1	3 	 2.6153124402650216 	 2 	 4.0	5.0	2.0	0	-1	1	-1	-0.0	-999	-999	1.8945 	2.485 	3.0047 	-999	2.4686 	3.224 	-999	-999	1.6905 	3.0613 	-999	-999	136
68	yue4	circle	4	0.38	1	3 	 2.6619438476649195 	 2 	 2.0	0.0	2.0	2	1	-1	-1	-999	-999	0.0	1.9809 	2.7821 	-999	-999	2.0274 	3.1366 	-999	-999	2.0568 	2.7386 	3.6712 	-999	76
69	yue4	circle	8	0.5	-1	3 	 2.5793735584029056 	 3 	 7.0	2.0	7.0	2	-1	1	-1	-999	-999	-0.0	1.7206 	2.8247 	-999	-999	1.6542 	2.8323 	-999	-999	1.6515 	2.4533 	3.8744 	-999	134
70	yue4	circle	8	0.35	-1	3 	 2.159547782302212 	 3 	 0.0	3.0	3.0	0	-1	1	-1	-0.0	-999	-999	2.492 	-999	-999	-999	1.8129 	3.3004 	-999	-999	2.4732 	-999	-999	-999	111
71	yue4	circle	8	0.7	1	0 	 2.2481302057310026 	 2 	 4.0	3.0	0.0	2	1	-1	-1	-999	-999	-1.0	1.6127 	2.536 	-999	-999	1.913 	2.8087 	-999	-999	2.4363 	-999	-999	-999	115
72	yue4	circle	8	0.35	1	3 	 2.605576130567413 	 3 	 6.0	3.0	5.0	2	1	-1	-1	-999	-999	0.0	1.6338 	2.5618 	3.8063 	-999	2.0009 	3.2332 	-999	-999	1.8475 	3.0661 	-999	-999	134
73	yue4	circle	4	0.94	1	3 	 2.140052262802392 	 3 	 2.0	1.0	2.0	2	1	-1	-1	-999	-999	0.0	1.9207 	2.9523 	-999	-999	2.3609 	-999	-999	-999	1.8727 	3.12 	-999	-999	56
74	yue4	circle	4	0.72	1	3 	 2.468582975126978 	 3 	 2.0	1.0	0.0	1	1	-1	-1	-999	-0.0	-999	2.2165 	2.7303 	-999	-999	1.7831 	2.441 	3.7032 	-999	1.6514 	3.0652 	-999	-999	63
75	yue4	circle	8	0.91	1	0 	 2.246766675870733 	 2 	 2.0	4.0	7.0	1	1	-1	-1	-999	2.0	-999	2.3387 	3.5481 	-999	-999	2.0495 	3.5054 	-999	-999	2.1343 	2.9651 	-999	-999	115
76	yue4	circle	8	0.65	1	3 	 2.5234008596291955 	 3 	 5.0	0.0	6.0	0	1	-1	-1	-0.0	-999	-999	2.2174 	3.7048 	-999	-999	1.7624 	2.4925 	3.7782 	-999	2.3292 	2.8447 	-999	-999	131
77	yue4	circle	8	0.28	1	3 	 2.1404251473908245 	 2 	 0.0	1.0	6.0	0	1	-1	-1	-0.0	-999	-999	1.5988 	2.5352 	-999	-999	1.9356 	3.3736 	-999	-999	2.2443 	-999	-999	-999	110
78	yue4	circle	8	0.91	-1	0 	 2.3485953966282156 	 2 	 7.0	3.0	7.0	0	-1	1	-1	1.0	-999	-999	1.7764 	2.6139 	-999	-999	1.5125 	2.9516 	-999	-999	2.0054 	2.872 	-999	-999	121
79	yue4	circle	8	0.49	-1	3 	 2.724110864326033 	 2 	 7.0	0.0	6.0	0	-1	1	-1	0.0	-999	-999	2.155 	3.4421 	-999	-999	1.6181 	2.6018 	4.04 	-999	2.2856 	3.0507 	-999	-999	142
80	yue4	circle	4	1.25	1	3 	 2.281262942094416 	 2 	 1.0	3.0	0.0	1	1	-1	-1	-999	-0.0	-999	2.2382 	3.2649 	-999	-999	2.4744 	-999	-999	-999	1.7606 	2.6886 	-999	-999	66
81	yue4	circle	8	0.65	-1	0 	 2.78929481172127 	 3 	 7.0	4.0	7.0	1	-1	1	-1	-999	-1.0	-999	1.6367 	2.5126 	3.7208 	-999	1.8438 	2.8849 	4.3244 	-999	2.336 	2.9767 	-999	-999	146
82	yue4	circle	4	0.94	-1	3 	 2.1636232349890823 	 3 	 0.0	3.0	0.0	1	-1	1	-1	-999	-0.0	-999	1.87 	3.0724 	-999	-999	1.6447 	2.5023 	-999	-999	2.3692 	-999	-999	-999	57
83	yue4	circle	4	0.29	-1	3 	 2.4419517272940148 	 3 	 3.0	1.0	2.0	0	-1	1	-1	0.0	-999	-999	2.1311 	3.3571 	-999	-999	2.303 	2.9079 	-999	-999	1.6552 	2.2374 	2.913 	-999	65
84	yue4	circle	4	0.38	-1	3 	 2.431278639388662 	 2 	 0.0	3.0	2.0	0	-1	1	-1	0.0	-999	-999	1.8736 	3.3453 	-999	-999	2.1783 	3.3832 	-999	-999	2.2671 	2.9072 	-999	-999	63
85	yue4	circle	4	0.29	1	3 	 2.4100924311278336 	 3 	 1.0	3.0	0.0	2	1	-1	-1	-999	-999	0.0	1.8516 	2.5306 	-999	-999	1.6813 	2.8566 	-999	-999	1.7502 	2.6552 	-999	-999	65
86	yue4	circle	4	0.67	-1	3 	 2.614524750553776 	 2 	 3.0	2.0	2.0	1	-1	1	-1	-999	0.0	-999	1.5989 	3.0406 	-999	-999	1.665 	2.2775 	3.5109 	-999	1.6873 	2.624 	3.3916 	-999	69
87	yue4	circle	4	0.67	1	3 	 2.6149906082987346 	 2 	 2.0	3.0	2.0	1	1	-1	-1	-999	0.0	-999	2.2879 	3.1222 	-999	-999	2.0131 	3.133 	-999	-999	2.4807 	3.6503 	-999	-999	66
88	yue4	circle	4	0.5	1	3 	 2.26060517729137 	 3 	 1.0	0.0	0.0	0	1	-1	-1	0.0	-999	-999	2.2664 	3.6277 	-999	-999	2.4122 	-999	-999	-999	2.0937 	2.6907 	-999	-999	60
89	yue4	circle	4	0.5	-1	0 	 2.740736248922828 	 3 	 1.0	2.0	0.0	2	-1	1	-1	-999	-999	1.0	2.2217 	2.9485 	-999	-999	1.5463 	2.7465 	3.4317 	-999	2.1112 	3.4835 	-999	-999	69
90	yue4	circle	8	0.5	1	3 	 2.3545933504801115 	 3 	 0.0	2.0	2.0	2	1	-1	-1	-999	-999	0.0	2.3041 	3.2746 	-999	-999	2.3662 	3.3976 	-999	-999	2.2428 	3.604 	-999	-999	120
91	yue4	circle	8	0.49	1	3 	 2.079373384800686 	 2 	 7.0	7.0	5.0	2	1	-1	-1	-999	-999	0.0	2.4684 	-999	-999	-999	1.8931 	2.4706 	-999	-999	1.7812 	3.0467 	-999	-999	106
92	yue4	circle	8	0.28	-1	0 	 2.500418894522241 	 2 	 5.0	7.0	6.0	0	-1	1	-1	-1.0	-999	-999	1.6003 	3.0751 	-999	-999	1.706 	2.513 	3.061 	-999	2.4251 	3.9001 	-999	-999	128
93	yue4	circle	8	0.2	-1	3 	 2.1007248844438324 	 3 	 6.0	1.0	7.0	1	-1	1	-1	-999	0.0	-999	1.6222 	2.8319 	-999	-999	2.4072 	-999	-999	-999	2.3218 	-999	-999	-999	107
94	yue4	circle	4	0.72	-1	3 	 2.1599328949802055 	 3 	 2.0	0.0	0.0	0	-1	1	-1	0.0	-999	-999	2.0693 	2.8907 	-999	-999	1.7965 	3.0996 	-999	-999	1.8809 	2.5179 	-999	-999	54
95	yue4	circle	4	1.25	-1	0 	 2.299017075212931 	 2 	 3.0	0.0	0.0	1	-1	1	-1	-999	-1.0	-999	2.1597 	3.3289 	-999	-999	2.3321 	3.161 	-999	-999	1.8071 	2.7386 	-999	-999	58
