trialnum	subject	basicShape	numObjects	speed	initialDirRing0	orderCorrect	trialDurTotal	numTargets	whichIsTargetEachRing0	whichIsTargetEachRing1	whichIsTargetEachRing2	ringToQuery	Direction0	Direction1	Direction2	respAdj0	respAdj1	respAdj2	rev0_0	rev0_1	rev0_2	rev0_3	rev1_0	rev1_1	rev1_2	rev1_3	rev2_0	rev2_1	rev2_2	rev2_3	timingBlips
0	A12c	circle	4	0.51	-1	3 	 2.0896387259351235 	 2 	 0.0	-999.0	1.0	2	-1	1	-1	-999	-999	-0.0	2.0752 	2.9936 	-999	-999	2.4609 	-999	-999	-999	2.3544 	-999	-999	-999	56
1	A12c	circle	4	0.51	1	3 	 2.481105846791749 	 2 	 3.0	0.0	1.0	0	1	-1	-1	-0.0	-999	-999	2.0578 	3.3641 	-999	-999	1.6998 	3.1079 	-999	-999	1.53 	2.6796 	-999	-999	67
2	A12c	circle	8	0.55	-1	3 	 2.5129915713623534 	 2 	 2.0	-999.0	0.0	2	-1	1	-1	-999	-999	0.0	1.7509 	2.8823 	-999	-999	1.9473 	3.4291 	-999	-999	2.1825 	3.2792 	-999	-999	136
3	A12c	circle	4	0.75	1	3 	 2.433732902444829 	 3 	 0.0	3.0	2.0	1	1	-1	-1	-999	0.0	-999	1.9966 	3.2756 	-999	-999	2.2272 	3.6954 	-999	-999	2.3655 	3.8382 	-999	-999	69
4	A12c	circle	8	0.4	1	0 	 2.6687059651936478 	 3 	 0.0	5.0	1.0	0	1	-1	-1	1.0	-999	-999	2.184 	3.5702 	-999	-999	2.388 	3.1649 	-999	-999	1.6571 	2.8207 	-999	-999	139
5	A12c	circle	4	0.73	1	3 	 2.722304211003621 	 2 	 -999.0	0.0	2.0	2	1	-1	-1	-999	-999	0.0	2.0192 	3.2985 	-999	-999	1.9959 	2.6037 	3.8312 	-999	2.2703 	3.6986 	-999	-999	72
6	A12c	circle	8	0.29	1	3 	 2.370638720122147 	 2 	 -999.0	2.0	4.0	2	1	-1	-1	-999	-999	0.0	1.5225 	2.0624 	3.0469 	-999	2.4472 	3.3994 	-999	-999	1.5689 	2.6398 	-999	-999	126
7	A12c	circle	4	0.23	-1	3 	 2.672692854912069 	 3 	 0.0	0.0	2.0	2	-1	1	-1	-999	-999	0.0	2.1283 	2.9106 	-999	-999	2.3409 	3.2103 	-999	-999	1.8882 	3.1002 	-999	-999	75
8	A12c	circle	4	0.95	-1	3 	 2.0099854220794535 	 2 	 1.0	-999.0	3.0	0	-1	1	-1	0.0	-999	-999	1.5309 	2.3522 	-999	-999	1.7495 	3.2149 	-999	-999	1.9628 	2.5755 	-999	-999	56
9	A12c	circle	4	0.29	-1	3 	 2.7944783533755375 	 2 	 1.0	-999.0	2.0	2	-1	1	-1	-999	-999	0.0	2.1171 	3.2145 	-999	-999	1.6209 	2.512 	3.5698 	-999	2.4666 	3.2289 	-999	-999	82
10	A12c	circle	4	0.58	1	3 	 2.2666511818545527 	 3 	 3.0	1.0	3.0	0	1	-1	-1	-0.0	-999	-999	1.7858 	2.5884 	-999	-999	1.8444 	2.7102 	-999	-999	2.3906 	-999	-999	-999	68
11	A12c	circle	4	0.41	1	0 	 2.724349725917745 	 3 	 2.0	1.0	0.0	1	1	-1	-1	-999	2.0	-999	1.8292 	3.1951 	-999	-999	2.335 	2.9315 	-999	-999	1.6363 	2.8064 	3.4166 	-999	78
12	A12c	circle	4	0.41	-1	3 	 2.740028262871461 	 3 	 1.0	3.0	1.0	2	-1	1	-1	-999	-999	-0.0	2.1291 	2.8355 	4.2911 	-999	1.6622 	2.7661 	3.5815 	-999	1.9737 	2.6241 	3.334 	-999	77
13	A12c	circle	8	0.55	1	3 	 2.2712816902953605 	 2 	 4.0	5.0	0.0	1	1	-1	-1	-999	-0.0	-999	1.9831 	3.4821 	-999	-999	1.5971 	2.1887 	3.5471 	-999	2.3365 	3.0442 	-999	-999	121
14	A12c	circle	8	0.16	1	3 	 2.161719840594085 	 3 	 0.0	4.0	4.0	0	1	-1	-1	-0.0	-999	-999	1.5336 	2.4174 	-999	-999	1.7391 	2.9299 	-999	-999	2.0959 	3.3289 	-999	-999	114
15	A12c	circle	4	0.95	1	3 	 2.05812726927489 	 2 	 3.0	-999.0	0.0	2	1	-1	-1	-999	-999	0.0	1.6381 	2.1465 	2.9801 	-999	1.9288 	3.2621 	-999	-999	1.7607 	2.466 	-999	-999	59
16	A12c	circle	4	0.75	-1	3 	 2.4218211609897176 	 3 	 0.0	1.0	1.0	0	-1	1	-1	0.0	-999	-999	1.932 	3.3952 	-999	-999	2.1184 	3.2231 	-999	-999	2.0479 	2.9707 	-999	-999	65
17	A12c	circle	4	0.73	-1	3 	 2.412163687377723 	 2 	 0.0	3.0	2.0	0	-1	1	-1	0.0	-999	-999	1.8922 	2.6952 	-999	-999	2.4199 	3.1008 	-999	-999	2.3262 	3.5876 	-999	-999	68
18	A12c	circle	8	0.52	-1	0 	 2.0343576593053325 	 3 	 3.0	0.0	2.0	0	-1	1	-1	-1.0	-999	-999	2.3292 	-999	-999	-999	2.2583 	-999	-999	-999	2.1262 	3.4286 	-999	-999	108
19	A12c	circle	8	0.16	-1	3 	 2.276184402780152 	 3 	 3.0	2.0	6.0	1	-1	1	-1	-999	-0.0	-999	2.4353 	-999	-999	-999	1.9905 	3.3031 	-999	-999	1.7314 	2.8088 	-999	-999	120
20	A12c	circle	8	0.17	-1	3 	 2.593375352661208 	 2 	 4.0	-999.0	1.0	2	-1	1	-1	-999	-999	0.0	2.2804 	3.7448 	-999	-999	1.5285 	2.5882 	3.2485 	-999	1.8261 	2.7643 	-999	-999	138
21	A12c	circle	8	0.52	1	3 	 2.3270906855465068 	 3 	 1.0	2.0	3.0	2	1	-1	-1	-999	-999	0.0	1.6411 	2.9717 	-999	-999	2.1422 	2.7673 	-999	-999	1.6997 	3.1138 	-999	-999	123
22	A12c	circle	8	0.42	-1	3 	 2.5732671043106734 	 2 	 0.0	-999.0	3.0	0	-1	1	-1	0.0	-999	-999	1.9068 	3.0199 	-999	-999	2.2543 	3.0581 	-999	-999	1.8289 	2.7381 	-999	-999	137
23	A12c	circle	4	0.23	1	3 	 2.151773117420519 	 3 	 1.0	3.0	0.0	2	1	-1	-1	-999	-999	-0.0	1.6008 	2.4692 	-999	-999	2.2587 	-999	-999	-999	2.4791 	-999	-999	-999	59
24	A12c	circle	8	0.29	-1	3 	 2.054935037129477 	 2 	 3.0	7.0	4.0	1	-1	1	-1	-999	0.0	-999	1.7299 	2.5898 	-999	-999	2.0804 	3.218 	-999	-999	1.5302 	2.191 	-999	-999	108
25	A12c	circle	4	0.58	-1	3 	 2.3397075782006724 	 3 	 0.0	1.0	3.0	1	-1	1	-1	-999	-0.0	-999	1.675 	2.2492 	3.1828 	-999	1.8264 	2.7901 	-999	-999	2.3941 	3.3285 	-999	-999	66
26	A12c	circle	8	0.4	-1	3 	 2.7244581139062145 	 3 	 3.0	0.0	6.0	2	-1	1	-1	-999	-999	0.0	1.5488 	2.5391 	3.0437 	-999	2.3797 	3.4125 	-999	-999	1.6399 	2.8865 	-999	-999	146
27	A12c	circle	4	0.29	1	3 	 2.4469696258090594 	 2 	 1.0	-999.0	3.0	0	1	-1	-1	-0.0	-999	-999	1.5486 	2.9538 	-999	-999	2.1976 	2.789 	-999	-999	2.2841 	3.237 	-999	-999	68
28	A12c	circle	8	0.28	-1	3 	 2.2804562334146437 	 3 	 2.0	6.0	7.0	0	-1	1	-1	0.0	-999	-999	2.1903 	3.1598 	-999	-999	1.5774 	2.9886 	-999	-999	2.1463 	3.457 	-999	-999	120
29	A12c	circle	8	0.42	1	3 	 2.4037442846600614 	 2 	 0.0	5.0	6.0	1	1	-1	-1	-999	0.0	-999	2.3261 	3.8247 	-999	-999	1.7055 	2.7051 	-999	-999	1.9532 	2.6065 	-999	-999	128
30	A12c	circle	8	0.28	1	3 	 2.6525198235461023 	 3 	 6.0	0.0	6.0	1	1	-1	-1	-999	0.0	-999	1.9283 	2.5149 	3.3688 	-999	1.9042 	3.3844 	-999	-999	1.564 	2.7875 	-999	-999	142
31	A12c	circle	8	0.17	1	3 	 2.1985549606341963 	 2 	 4.0	0.0	7.0	1	1	-1	-1	-999	0.0	-999	1.9778 	3.0099 	-999	-999	2.0072 	3.3345 	-999	-999	2.3719 	-999	-999	-999	116
32	A12c	circle	4	0.58	1	3 	 2.4780098150888916 	 3 	 0.0	3.0	0.0	1	1	-1	-1	-999	0.0	-999	1.6035 	2.1579 	2.6796 	-999	2.3101 	3.0051 	-999	-999	2.1253 	2.6924 	-999	-999	70
33	A12c	circle	8	0.28	-1	3 	 2.136288688065514 	 3 	 3.0	2.0	6.0	1	-1	1	-1	-999	-0.0	-999	1.5116 	2.8413 	-999	-999	2.1153 	2.719 	-999	-999	1.5005 	2.3655 	-999	-999	113
34	A12c	circle	8	0.16	-1	3 	 2.5207111025192668 	 3 	 5.0	1.0	4.0	0	-1	1	-1	-0.0	-999	-999	1.566 	2.4812 	3.6926 	-999	2.4594 	3.2543 	-999	-999	1.9219 	3.1507 	-999	-999	135
35	A12c	circle	4	0.75	-1	0 	 2.561532093071352 	 3 	 2.0	1.0	3.0	1	-1	1	-1	-999	-2.0	-999	2.1594 	3.5228 	-999	-999	1.9474 	3.2321 	-999	-999	1.6819 	2.2407 	3.3765 	-999	70
36	A12c	circle	4	0.41	-1	3 	 2.15002748847461 	 3 	 0.0	1.0	1.0	0	-1	1	-1	-0.0	-999	-999	2.3831 	-999	-999	-999	1.678 	2.3386 	-999	-999	2.464 	-999	-999	-999	60
37	A12c	circle	4	0.58	-1	0 	 2.6965737723098773 	 3 	 3.0	2.0	1.0	0	-1	1	-1	1.0	-999	-999	2.4141 	3.7814 	-999	-999	1.958 	2.7362 	4.1246 	-999	1.6828 	2.5444 	3.4798 	-999	74
38	A12c	circle	8	0.28	1	3 	 2.772527707262356 	 3 	 1.0	2.0	5.0	2	1	-1	-1	-999	-999	0.0	2.4652 	3.1224 	-999	-999	1.6928 	2.378 	3.4334 	-999	2.206 	3.6138 	-999	-999	149
39	A12c	circle	8	0.52	1	3 	 2.3017016704078763 	 3 	 4.0	7.0	3.0	0	1	-1	-1	-0.0	-999	-999	1.603 	2.5917 	-999	-999	1.9679 	3.3751 	-999	-999	2.0594 	2.946 	-999	-999	122
40	A12c	circle	4	0.95	1	3 	 2.3137666982155918 	 2 	 1.0	0.0	0.0	0	1	-1	-1	-0.0	-999	-999	1.5578 	2.3805 	3.339 	-999	2.4113 	3.4747 	-999	-999	2.4864 	-999	-999	-999	67
41	A12c	circle	4	0.23	-1	3 	 2.4612053322241634 	 3 	 2.0	0.0	3.0	1	-1	1	-1	-999	0.0	-999	2.3499 	3.2648 	-999	-999	2.4581 	3.6823 	-999	-999	1.8612 	2.4409 	3.5553 	-999	70
42	A12c	circle	4	0.73	-1	3 	 2.747118694080636 	 2 	 1.0	3.0	2.0	2	-1	1	-1	-999	-999	-0.0	1.6511 	2.3401 	3.36 	-999	2.341 	3.129 	-999	-999	1.6852 	2.386 	3.7446 	-999	74
43	A12c	circle	8	0.16	1	3 	 2.115169329896049 	 3 	 3.0	4.0	2.0	1	1	-1	-1	-999	0.0	-999	2.2127 	3.1309 	-999	-999	2.0601 	3.2493 	-999	-999	2.3031 	-999	-999	-999	112
44	A12c	circle	8	0.42	-1	3 	 2.050972914452007 	 2 	 0.0	4.0	3.0	2	-1	1	-1	-999	-999	0.0	2.3696 	-999	-999	-999	1.8634 	2.9619 	-999	-999	1.719 	2.3374 	-999	-999	107
45	A12c	circle	4	0.41	1	3 	 2.549407202562094 	 3 	 0.0	2.0	1.0	1	1	-1	-1	-999	0.0	-999	2.1061 	3.02 	-999	-999	1.648 	3.0108 	-999	-999	1.6951 	2.2861 	2.8134 	-999	70
46	A12c	circle	8	0.29	-1	0 	 2.4857660824880012 	 2 	 3.0	5.0	7.0	1	-1	1	-1	-999	1.0	-999	2.1137 	3.0935 	-999	-999	1.7955 	3.2393 	-999	-999	1.6047 	2.3207 	3.2608 	-999	132
47	A12c	circle	8	0.55	1	3 	 2.451622747677095 	 2 	 4.0	1.0	5.0	2	1	-1	-1	-999	-999	0.0	1.9128 	2.6696 	-999	-999	1.8801 	3.2968 	-999	-999	1.8994 	3.3362 	-999	-999	130
48	A12c	circle	4	0.95	-1	0 	 2.5285989562295446 	 2 	 2.0	1.0	0.0	1	-1	1	-1	-999	1.0	-999	2.3958 	3.6037 	-999	-999	2.2569 	3.6092 	-999	-999	1.5991 	2.5896 	3.4214 	-999	73
49	A12c	circle	8	0.52	-1	3 	 2.6894812718769665 	 3 	 5.0	3.0	6.0	1	-1	1	-1	-999	0.0	-999	2.0462 	3.0023 	-999	-999	1.7183 	2.2829 	3.6878 	-999	2.17 	3.1311 	-999	-999	142
50	A12c	circle	8	0.17	1	3 	 2.2466812448075384 	 2 	 3.0	0.0	3.0	2	1	-1	-1	-999	-999	0.0	1.5065 	2.3089 	3.0466 	-999	2.0106 	3.2818 	-999	-999	2.0327 	2.9924 	-999	-999	118
51	A12c	circle	8	0.4	1	3 	 2.753951556410748 	 3 	 3.0	3.0	1.0	0	1	-1	-1	-0.0	-999	-999	2.0141 	2.7772 	4.0956 	-999	2.3107 	3.3151 	-999	-999	1.88 	2.5971 	3.5729 	-999	148
52	A12c	circle	4	0.73	1	3 	 2.0475231725247935 	 2 	 1.0	2.0	3.0	1	1	-1	-1	-999	-0.0	-999	1.5185 	2.1491 	-999	-999	2.4154 	-999	-999	-999	2.1659 	-999	-999	-999	62
53	A12c	circle	4	0.29	-1	3 	 2.6966049230172207 	 2 	 1.0	-999.0	2.0	0	-1	1	-1	0.0	-999	-999	2.0625 	3.0553 	-999	-999	2.09 	2.8743 	-999	-999	1.9959 	2.6104 	3.3829 	-999	74
54	A12c	circle	4	0.51	1	3 	 2.2276071212652164 	 2 	 3.0	3.0	3.0	1	1	-1	-1	-999	0.0	-999	2.0378 	3.0601 	-999	-999	2.1768 	3.5251 	-999	-999	2.375 	-999	-999	-999	60
55	A12c	circle	8	0.4	-1	0 	 2.650413852657107 	 3 	 2.0	6.0	5.0	0	-1	1	-1	-1.0	-999	-999	1.6191 	2.721 	3.3379 	-999	1.5902 	2.2851 	3.2477 	-999	1.891 	3.1068 	-999	-999	141
56	A12c	circle	8	0.55	-1	0 	 2.7554379468546055 	 2 	 4.0	0.0	0.0	2	-1	1	-1	-999	-999	-1.0	1.5151 	2.2875 	2.8428 	3.8306 	1.5471 	2.2829 	3.3362 	-999	1.8801 	2.7972 	3.5947 	-999	147
57	A12c	circle	8	0.29	1	3 	 2.7836475863172576 	 2 	 0.0	5.0	7.0	0	1	-1	-1	-0.0	-999	-999	2.2353 	3.1014 	-999	-999	1.8092 	2.9367 	-999	-999	1.7593 	2.5847 	3.4989 	-999	148
58	A12c	circle	4	0.29	1	3 	 2.406716200007373 	 2 	 1.0	-999.0	3.0	2	1	-1	-1	-999	-999	0.0	1.9627 	3.4388 	-999	-999	2.0206 	2.6809 	-999	-999	1.9817 	2.9754 	-999	-999	69
59	A12c	circle	4	0.23	1	3 	 2.5984429434093568 	 3 	 3.0	3.0	2.0	2	1	-1	-1	-999	-999	-0.0	1.7866 	2.6268 	4.0968 	-999	1.9505 	2.8341 	-999	-999	1.8958 	2.417 	3.8306 	-999	69
60	A12c	circle	8	0.42	1	3 	 2.4056701306724113 	 2 	 6.0	4.0	4.0	0	1	-1	-1	-0.0	-999	-999	2.1549 	3.3686 	-999	-999	2.3262 	3.4821 	-999	-999	1.5696 	2.2364 	3.3074 	-999	127
61	A12c	circle	4	0.51	-1	3 	 2.038449188443819 	 2 	 3.0	2.0	2.0	2	-1	1	-1	-999	-999	-0.0	2.1671 	-999	-999	-999	2.491 	-999	-999	-999	2.301 	-999	-999	-999	58
62	A12c	circle	4	0.75	1	3 	 2.6146481727614423 	 3 	 0.0	0.0	1.0	1	1	-1	-1	-999	0.0	-999	1.5718 	2.4426 	2.9631 	-999	1.6708 	2.6825 	4.0056 	-999	1.8383 	2.4627 	3.5379 	-999	71
63	A12c	circle	8	0.17	-1	3 	 2.0349425415375113 	 2 	 4.0	2.0	3.0	1	-1	1	-1	-999	0.0	-999	2.2448 	-999	-999	-999	2.0349 	3.4502 	-999	-999	1.8031 	2.4532 	-999	-999	107
64	A12c	circle	8	0.16	-1	3 	 2.2901782378501974 	 3 	 2.0	1.0	1.0	0	-1	1	-1	0.0	-999	-999	2.2264 	3.6465 	-999	-999	2.4892 	-999	-999	-999	2.1844 	3.2522 	-999	-999	119
65	A12c	circle	8	0.29	-1	3 	 2.0140044098919665 	 2 	 0.0	6.0	3.0	2	-1	1	-1	-999	-999	-0.0	2.1874 	-999	-999	-999	1.9818 	2.5495 	-999	-999	2.3844 	-999	-999	-999	101
66	A12c	circle	4	0.29	1	3 	 2.119895855730121 	 2 	 1.0	1.0	2.0	1	1	-1	-1	-999	0.0	-999	2.4245 	-999	-999	-999	1.8391 	3.0723 	-999	-999	2.3569 	-999	-999	-999	51
67	A12c	circle	4	0.95	1	3 	 2.401686975280955 	 2 	 2.0	1.0	0.0	1	1	-1	-1	-999	-0.0	-999	2.1939 	3.1143 	-999	-999	2.4944 	3.0684 	-999	-999	2.1892 	3.2791 	-999	-999	63
68	A12c	circle	4	0.75	1	0 	 2.144976593006267 	 3 	 0.0	1.0	1.0	2	1	-1	-1	-999	-999	-1.0	2.1662 	3.1161 	-999	-999	1.639 	3.0048 	-999	-999	1.505 	2.9623 	-999	-999	59
69	A12c	circle	4	0.58	1	3 	 2.59839641429846 	 3 	 2.0	3.0	0.0	2	1	-1	-1	-999	-999	0.0	1.7559 	2.6992 	-999	-999	2.3328 	3.2709 	-999	-999	2.4135 	3.0211 	-999	-999	71
70	A12c	circle	4	0.75	-1	3 	 2.0609496021840283 	 3 	 0.0	3.0	3.0	0	-1	1	-1	-0.0	-999	-999	2.3583 	-999	-999	-999	1.8243 	2.8566 	-999	-999	1.8921 	2.9243 	-999	-999	59
71	A12c	circle	4	0.58	-1	3 	 2.0332588755418346 	 3 	 1.0	2.0	2.0	2	-1	1	-1	-999	-999	0.0	2.4468 	-999	-999	-999	2.1525 	-999	-999	-999	1.715 	2.2151 	-999	-999	53
72	A12c	circle	4	0.51	-1	3 	 2.1278042714045786 	 2 	 2.0	1.0	2.0	0	-1	1	-1	-0.0	-999	-999	2.1529 	3.4877 	-999	-999	1.5427 	3.0341 	-999	-999	1.7086 	3.0999 	-999	-999	58
73	A12c	circle	8	0.55	1	3 	 2.395535394434831 	 2 	 4.0	3.0	2.0	1	1	-1	-1	-999	-0.0	-999	2.3616 	3.0334 	-999	-999	1.6097 	2.1898 	3.0444 	-999	1.7808 	3.2554 	-999	-999	127
74	A12c	circle	4	0.95	-1	3 	 2.061139450891403 	 2 	 3.0	1.0	1.0	0	-1	1	-1	-0.0	-999	-999	2.3553 	-999	-999	-999	1.7878 	2.5788 	-999	-999	2.2801 	-999	-999	-999	53
75	A12c	circle	4	0.23	1	3 	 2.0880053808101247 	 3 	 0.0	1.0	3.0	0	1	-1	-1	-0.0	-999	-999	1.9066 	2.9491 	-999	-999	1.8795 	2.8205 	-999	-999	1.9028 	3.263 	-999	-999	57
76	A12c	circle	4	0.41	-1	3 	 2.542380660797699 	 3 	 2.0	0.0	2.0	2	-1	1	-1	-999	-999	-0.0	1.7918 	2.4404 	3.1081 	-999	1.9712 	2.7518 	-999	-999	1.609 	2.4891 	3.2351 	-999	69
77	A12c	circle	8	0.55	-1	3 	 2.199668140910009 	 2 	 3.0	3.0	4.0	2	-1	1	-1	-999	-999	0.0	1.607 	2.6192 	-999	-999	2.4973 	-999	-999	-999	2.1682 	2.7803 	-999	-999	115
78	A12c	circle	8	0.28	1	3 	 2.7825680324004725 	 3 	 3.0	6.0	5.0	0	1	-1	-1	0.0	-999	-999	1.5633 	2.3916 	3.6237 	-999	2.2621 	3.7116 	-999	-999	2.1291 	3.514 	-999	-999	148
79	A12c	circle	4	0.51	1	3 	 2.16191605400007 	 2 	 3.0	1.0	0.0	0	1	-1	-1	0.0	-999	-999	2.4117 	-999	-999	-999	2.2282 	2.8529 	-999	-999	2.1475 	3.56 	-999	-999	58
80	A12c	circle	4	0.23	-1	3 	 2.372810338865565 	 3 	 1.0	2.0	1.0	0	-1	1	-1	0.0	-999	-999	2.3466 	3.4054 	-999	-999	1.7117 	2.6424 	-999	-999	1.5749 	3.0027 	-999	-999	64
81	A12c	circle	8	0.4	1	3 	 2.7722855420954806 	 3 	 0.0	2.0	2.0	1	1	-1	-1	-999	0.0	-999	1.6046 	2.7157 	4.1414 	-999	2.446 	2.9566 	-999	-999	1.6838 	2.3626 	2.9757 	-999	147
82	A12c	circle	4	0.73	-1	0 	 2.5421290085850643 	 2 	 1.0	1.0	1.0	2	-1	1	-1	-999	-999	1.0	2.0449 	2.8256 	-999	-999	1.996 	2.5012 	3.5411 	-999	2.25 	3.0581 	-999	-999	68
83	A12c	circle	4	0.29	-1	3 	 2.694608157630864 	 2 	 3.0	1.0	2.0	1	-1	1	-1	-999	-0.0	-999	1.9808 	3.0424 	-999	-999	2.3666 	3.5653 	-999	-999	2.2936 	2.8505 	-999	-999	80
84	A12c	circle	4	0.73	1	3 	 2.3018078298848677 	 2 	 1.0	3.0	2.0	1	1	-1	-1	-999	0.0	-999	2.1749 	2.8898 	-999	-999	1.6444 	2.4082 	-999	-999	1.8717 	2.8829 	-999	-999	60
85	A12c	circle	8	0.42	-1	0 	 2.7584383046794114 	 2 	 6.0	0.0	4.0	0	-1	1	-1	-1.0	-999	-999	1.7941 	3.0506 	-999	-999	1.8031 	3.2551 	-999	-999	2.2211 	3.1057 	-999	-999	146
86	A12c	circle	4	0.41	1	3 	 2.003647470524918 	 3 	 1.0	1.0	1.0	0	1	-1	-1	0.0	-999	-999	2.056 	3.1752 	-999	-999	1.699 	2.3521 	-999	-999	1.9344 	2.5082 	-999	-999	55
87	A12c	circle	8	0.52	-1	0 	 2.555958138716618 	 3 	 6.0	1.0	7.0	0	-1	1	-1	1.0	-999	-999	1.5157 	2.0587 	2.6332 	3.7918 	2.4412 	3.0265 	-999	-999	2.4042 	3.6376 	-999	-999	134
88	A12c	circle	8	0.17	1	3 	 2.273583098273015 	 2 	 4.0	1.0	5.0	2	1	-1	-1	-999	-999	0.0	2.2868 	3.7575 	-999	-999	2.0448 	2.8095 	-999	-999	2.2622 	3.0029 	-999	-999	119
89	A12c	circle	8	0.17	-1	3 	 2.493532394867192 	 2 	 5.0	1.0	2.0	2	-1	1	-1	-999	-999	0.0	1.6353 	3.0161 	-999	-999	1.5869 	2.1036 	2.6131 	-999	2.2331 	3.6163 	-999	-999	131
90	A12c	circle	8	0.52	1	3 	 2.614984292483817 	 3 	 2.0	3.0	6.0	1	1	-1	-1	-999	0.0	-999	1.6789 	2.6326 	3.4896 	-999	2.0901 	3.3495 	-999	-999	1.695 	2.8737 	-999	-999	139
91	A12c	circle	8	0.4	-1	3 	 2.165457018524561 	 3 	 6.0	1.0	6.0	2	-1	1	-1	-999	-999	0.0	1.7149 	2.813 	-999	-999	2.2406 	2.8489 	-999	-999	1.6471 	2.7244 	-999	-999	112
92	A12c	circle	8	0.29	1	3 	 2.250262304081718 	 2 	 0.0	0.0	5.0	2	1	-1	-1	-999	-999	0.0	2.483 	-999	-999	-999	1.6035 	2.6163 	-999	-999	1.6562 	2.3923 	-999	-999	118
93	A12c	circle	8	0.42	1	3 	 2.04128481302154 	 2 	 1.0	2.0	4.0	1	1	-1	-1	-999	0.0	-999	2.193 	-999	-999	-999	1.8925 	3.0401 	-999	-999	2.4214 	-999	-999	-999	105
94	A12c	circle	8	0.16	1	3 	 2.1179285229962144 	 3 	 3.0	5.0	7.0	0	1	-1	-1	0.0	-999	-999	2.3211 	-999	-999	-999	1.6323 	2.4737 	-999	-999	2.409 	-999	-999	-999	111
95	A12c	circle	8	0.28	-1	3 	 2.2965568467607786 	 3 	 3.0	4.0	3.0	1	-1	1	-1	-999	-0.0	-999	2.236 	3.0783 	-999	-999	1.8501 	3.326 	-999	-999	2.1848 	3.1989 	-999	-999	121
