trialnum	subject	basicShape	numObjects	speed	initialDirRing0	orderCorrect	trialDurTotal	numTargets	whichIsTargetEachRing0	whichIsTargetEachRing1	whichIsTargetEachRing2	ringToQuery	Direction0	Direction1	Direction2	respAdj0	respAdj1	respAdj2	rev0_0	rev0_1	rev0_2	rev0_3	rev1_0	rev1_1	rev1_2	rev1_3	rev2_0	rev2_1	rev2_2	rev2_3	timingBlips
0	A14b	circle	8	0.4	1	3 	 2.954059725173898 	 2 	 5.0	-999.0	3.0	2	1	-1	-1	-999	-999	0.0	2.1709 	3.3575 	-999	-999	1.7929 	3.1729 	-999	-999	2.2955 	3.4953 	-999	-999	157
1	A14b	circle	8	0.74	1	3 	 2.520694854361926 	 2 	 -999.0	5.0	0.0	1	1	-1	-1	-999	0.0	-999	2.178 	2.9918 	-999	-999	2.3479 	2.8541 	-999	-999	1.978 	3.3785 	-999	-999	134
2	A14b	circle	4	0.88	-1	3 	 2.4663259799695285 	 2 	 -999.0	2.0	0.0	1	-1	1	-1	-999	-0.0	-999	2.5042 	3.4681 	-999	-999	2.1844 	3.3349 	-999	-999	2.5083 	3.5818 	-999	-999	71
3	A14b	circle	4	0.62	-1	3 	 2.624400058972723 	 2 	 2.0	-999.0	2.0	0	-1	1	-1	0.0	-999	-999	1.7276 	2.7703 	-999	-999	2.2364 	2.8304 	-999	-999	1.7278 	2.9561 	-999	-999	68
4	A14b	circle	4	1.01	1	3 	 2.720249041222201 	 3 	 2.0	1.0	3.0	2	1	-1	-1	-999	-999	0.0	1.7466 	2.8887 	-999	-999	2.052 	3.5261 	-999	-999	1.9218 	3.1672 	-999	-999	73
5	A14b	circle	8	0.4	-1	3 	 2.6176987741407385 	 3 	 2.0	5.0	7.0	2	-1	1	-1	-999	-999	0.0	2.1941 	3.2366 	-999	-999	2.4797 	3.449 	-999	-999	2.3111 	3.6288 	-999	-999	140
6	A14b	circle	8	0.91	1	3 	 2.3061344124256387 	 2 	 6.0	5.0	-999.0	0	1	-1	-1	0.0	-999	-999	2.3947 	3.3823 	-999	-999	1.7496 	2.9855 	-999	-999	2.5754 	-999	-999	-999	122
7	A14b	circle	4	0.82	1	0 	 2.790086415694857 	 3 	 1.0	0.0	1.0	2	1	-1	-1	-999	-999	-1.0	2.2692 	3.6711 	-999	-999	2.5895 	3.7953 	-999	-999	1.7495 	2.8035 	3.9743 	-999	79
8	A14b	circle	4	1.01	-1	3 	 2.696817300235938 	 3 	 1.0	2.0	0.0	2	-1	1	-1	-999	-999	0.0	2.4995 	3.8939 	-999	-999	1.8692 	2.9503 	-999	-999	1.9247 	3.2738 	-999	-999	73
9	A14b	circle	8	0.74	-1	0 	 2.9419799844193197 	 2 	 2.0	2.0	0.0	1	-1	1	-1	-999	2.0	-999	2.4359 	3.4265 	-999	-999	2.5185 	3.2003 	-999	-999	1.9112 	3.0914 	-999	-999	158
10	A14b	circle	4	1.14	-1	3 	 2.328844340530266 	 2 	 3.0	-999.0	1.0	0	-1	1	-1	0.0	-999	-999	2.3133 	3.4334 	-999	-999	2.6135 	-999	-999	-999	1.7537 	3.2233 	-999	-999	62
11	A14b	circle	8	0.28	1	3 	 2.39074050502384 	 3 	 7.0	0.0	3.0	0	1	-1	-1	-0.0	-999	-999	1.9957 	2.6898 	-999	-999	2.034 	3.1543 	-999	-999	1.7318 	2.6087 	-999	-999	127
12	A14b	circle	4	0.44	-1	3 	 2.2040097207487808 	 3 	 2.0	0.0	1.0	2	-1	1	-1	-999	-999	0.0	2.5456 	-999	-999	-999	2.2536 	3.2587 	-999	-999	2.0507 	3.3654 	-999	-999	60
13	A14b	circle	4	0.63	1	3 	 2.768858994801899 	 3 	 3.0	0.0	0.0	0	1	-1	-1	-0.0	-999	-999	2.0198 	2.9435 	-999	-999	1.9352 	2.9736 	-999	-999	2.6686 	3.9129 	-999	-999	74
14	A14b	circle	8	0.64	1	3 	 2.2023541529420556 	 3 	 0.0	5.0	1.0	2	1	-1	-1	-999	-999	-0.0	1.9889 	3.3719 	-999	-999	2.1193 	3.1461 	-999	-999	2.2656 	3.4964 	-999	-999	116
15	A14b	circle	8	0.23	-1	3 	 2.7812256444095986 	 2 	 -999.0	5.0	2.0	2	-1	1	-1	-999	-999	0.0	2.3281 	3.6033 	-999	-999	1.7826 	2.9181 	-999	-999	2.3237 	3.0328 	-999	-999	149
16	A14b	circle	4	0.62	1	3 	 2.2865764111013283 	 2 	 2.0	0.0	2.0	0	1	-1	-1	0.0	-999	-999	2.4628 	-999	-999	-999	2.28 	3.6607 	-999	-999	1.8179 	3.1814 	-999	-999	60
17	A14b	circle	8	0.91	-1	3 	 2.336157123412185 	 2 	 7.0	5.0	1.0	2	-1	1	-1	-999	-999	0.0	2.1027 	3.1031 	-999	-999	1.9933 	3.2645 	-999	-999	2.0288 	3.4858 	-999	-999	124
18	A14b	circle	4	0.25	1	3 	 2.842607357174512 	 3 	 2.0	1.0	0.0	2	1	-1	-1	-999	-999	0.0	2.2868 	3.5121 	-999	-999	1.9307 	3.139 	-999	-999	2.6639 	3.8494 	-999	-999	80
19	A14b	circle	8	0.57	1	3 	 2.8366165540023447 	 2 	 -999.0	2.0	2.0	1	1	-1	-1	-999	0.0	-999	1.7744 	2.3109 	3.5284 	-999	2.6354 	3.7657 	-999	-999	1.9218 	2.5651 	3.5736 	-999	151
20	A14b	circle	8	0.52	1	3 	 2.6385515260522907 	 3 	 5.0	7.0	1.0	0	1	-1	-1	-0.0	-999	-999	2.1618 	3.479 	-999	-999	2.0028 	2.7719 	-999	-999	1.8792 	2.6229 	3.2534 	-999	139
21	A14b	circle	8	0.4	1	3 	 2.217256529963846 	 3 	 4.0	0.0	7.0	2	1	-1	-1	-999	-999	0.0	2.4885 	-999	-999	-999	1.7816 	2.3514 	-999	-999	2.0684 	2.5933 	-999	-999	116
22	A14b	circle	8	0.4	-1	3 	 2.8997246277372826 	 2 	 6.0	4.0	3.0	0	-1	1	-1	0.0	-999	-999	2.1621 	3.2304 	-999	-999	2.3025 	3.5063 	-999	-999	2.6302 	3.4534 	-999	-999	154
23	A14b	circle	8	0.16	-1	3 	 2.445667051894354 	 3 	 7.0	6.0	7.0	2	-1	1	-1	-999	-999	0.0	1.8303 	2.363 	3.6974 	-999	2.2876 	3.602 	-999	-999	2.2324 	2.9671 	-999	-999	130
24	A14b	circle	8	0.64	-1	3 	 2.579603369546825 	 3 	 5.0	1.0	5.0	1	-1	1	-1	-999	-0.0	-999	1.8475 	3.0763 	-999	-999	2.1516 	3.3587 	-999	-999	2.1513 	2.9112 	-999	-999	136
25	A14b	circle	4	0.44	1	3 	 2.5163929346217406 	 3 	 2.0	3.0	3.0	2	1	-1	-1	-999	-999	0.0	2.4461 	3.941 	-999	-999	2.2562 	3.2334 	-999	-999	2.4897 	3.9268 	-999	-999	67
26	A14b	circle	4	0.82	-1	3 	 2.289503381281364 	 3 	 2.0	3.0	3.0	1	-1	1	-1	-999	-0.0	-999	2.3783 	3.4142 	-999	-999	1.8876 	3.0583 	-999	-999	1.8754 	2.9246 	-999	-999	63
27	A14b	circle	4	0.88	1	3 	 2.4870705958634165 	 2 	 1.0	2.0	3.0	2	1	-1	-1	-999	-999	0.0	1.7748 	2.4449 	3.7437 	-999	2.4907 	3.5367 	-999	-999	2.2892 	2.8843 	-999	-999	66
28	A14b	circle	4	0.35	1	3 	 2.8905432113417664 	 2 	 0.0	1.0	-999.0	0	1	-1	-1	0.0	-999	-999	1.7601 	2.4899 	3.6591 	-999	2.0723 	3.052 	-999	-999	1.8022 	3.1777 	-999	-999	80
29	A14b	circle	8	0.57	-1	3 	 2.363647239432198 	 2 	 4.0	3.0	2.0	1	-1	1	-1	-999	-0.0	-999	1.7847 	2.8243 	-999	-999	1.7132 	2.9871 	-999	-999	1.713 	3.201 	-999	-999	124
30	A14b	circle	4	1.41	1	0 	 2.9579842504246545 	 2 	 3.0	3.0	-999.0	1	1	-1	-1	-999	-1.0	-999	1.859 	3.2421 	-999	-999	1.907 	3.0603 	-999	-999	2.3442 	3.4271 	-999	-999	82
31	A14b	circle	4	0.35	-1	3 	 2.271085720104122 	 2 	 2.0	0.0	-999.0	1	-1	1	-1	-999	0.0	-999	2.4367 	-999	-999	-999	2.6115 	-999	-999	-999	2.1772 	3.191 	-999	-999	62
32	A14b	circle	4	0.63	-1	3 	 2.240681115257169 	 3 	 2.0	0.0	0.0	0	-1	1	-1	-0.0	-999	-999	2.3942 	-999	-999	-999	1.97 	2.8039 	-999	-999	1.7724 	2.9607 	-999	-999	61
33	A14b	circle	4	0.25	-1	3 	 2.7243445349173525 	 3 	 1.0	3.0	0.0	1	-1	1	-1	-999	-0.0	-999	2.6051 	3.4133 	-999	-999	2.3998 	3.7919 	-999	-999	1.95 	2.5294 	3.1044 	-999	73
34	A14b	circle	8	0.28	-1	3 	 2.3274934073151687 	 3 	 1.0	0.0	3.0	2	-1	1	-1	-999	-999	0.0	2.4286 	-999	-999	-999	2.2573 	3.7292 	-999	-999	1.7535 	3.0413 	-999	-999	119
35	A14b	circle	8	0.16	1	3 	 2.4853880410607476 	 3 	 5.0	7.0	2.0	2	1	-1	-1	-999	-999	0.0	2.6841 	-999	-999	-999	2.0017 	3.1999 	-999	-999	2.2863 	3.1212 	-999	-999	131
36	A14b	circle	4	1.41	-1	3 	 2.3477938079883325 	 2 	 3.0	3.0	3.0	1	-1	1	-1	-999	-0.0	-999	1.9693 	3.2233 	-999	-999	2.2118 	2.9442 	-999	-999	2.345 	3.472 	-999	-999	63
37	A14b	circle	8	0.23	1	3 	 2.740819060014446 	 2 	 -999.0	6.0	2.0	1	1	-1	-1	-999	0.0	-999	2.4468 	3.1791 	-999	-999	1.8936 	2.9966 	-999	-999	2.4661 	3.405 	-999	-999	144
38	A14b	circle	8	0.52	-1	3 	 2.7630509885973638 	 3 	 6.0	3.0	5.0	0	-1	1	-1	0.0	-999	-999	2.5769 	3.2081 	-999	-999	2.0496 	3.0126 	-999	-999	2.147 	3.0923 	-999	-999	146
39	A14b	circle	4	1.14	1	3 	 2.250248267262847 	 2 	 3.0	0.0	2.0	1	1	-1	-1	-999	0.0	-999	2.6503 	-999	-999	-999	1.9052 	3.0212 	-999	-999	1.7662 	2.6146 	-999	-999	61
40	A14b	circle	4	0.44	1	3 	 2.491335514979656 	 3 	 1.0	2.0	3.0	0	1	-1	-1	0.0	-999	-999	2.5959 	-999	-999	-999	2.6658 	-999	-999	-999	2.4002 	3.8954 	-999	-999	66
41	A14b	circle	8	0.52	1	3 	 2.8989341797983745 	 3 	 6.0	7.0	7.0	1	1	-1	-1	-999	0.0	-999	2.2313 	2.9426 	3.999 	-999	1.947 	3.1785 	-999	-999	2.4012 	2.9685 	3.8142 	-999	154
42	A14b	circle	4	0.63	-1	3 	 2.6325929040384497 	 3 	 0.0	1.0	1.0	1	-1	1	-1	-999	-0.0	-999	2.5696 	3.486 	-999	-999	1.8929 	3.1704 	-999	-999	2.1484 	2.7014 	3.2373 	-999	70
43	A14b	circle	4	0.88	-1	0 	 2.480770756167288 	 2 	 1.0	3.0	3.0	1	-1	1	-1	-999	-1.0	-999	2.3667 	3.1086 	-999	-999	2.5003 	3.8954 	-999	-999	2.4614 	3.095 	-999	-999	66
44	A14b	circle	4	0.35	1	3 	 2.7836479429739875 	 2 	 2.0	0.0	2.0	1	1	-1	-1	-999	0.0	-999	1.7017 	2.946 	-999	-999	1.8139 	3.2865 	-999	-999	1.8047 	2.4241 	3.2118 	-999	76
45	A14b	circle	8	0.16	1	3 	 2.5994385615702282 	 3 	 4.0	3.0	7.0	0	1	-1	-1	-0.0	-999	-999	2.5814 	3.8003 	-999	-999	2.6977 	3.7307 	-999	-999	2.3078 	3.2454 	-999	-999	136
46	A14b	circle	8	0.4	1	3 	 2.6504400895365396 	 2 	 6.0	7.0	0.0	1	1	-1	-1	-999	0.0	-999	2.0042 	2.8804 	-999	-999	2.3428 	3.1609 	-999	-999	2.0445 	3.2591 	-999	-999	141
47	A14b	circle	8	0.64	-1	3 	 2.5448820282020264 	 3 	 1.0	3.0	0.0	0	-1	1	-1	0.0	-999	-999	2.2241 	2.7554 	-999	-999	1.7883 	3.0342 	-999	-999	2.4432 	3.5114 	-999	-999	134
48	A14b	circle	8	0.52	-1	3 	 2.5928550654433 	 3 	 0.0	3.0	3.0	2	-1	1	-1	-999	-999	0.0	1.7629 	3.1218 	-999	-999	2.1991 	3.032 	-999	-999	2.3887 	3.121 	-999	-999	136
49	A14b	circle	8	0.4	1	3 	 2.577963714627585 	 3 	 4.0	4.0	1.0	2	1	-1	-1	-999	-999	0.0	1.9975 	3.4305 	-999	-999	2.1921 	3.4013 	-999	-999	2.4842 	3.8992 	-999	-999	135
50	A14b	circle	8	0.64	1	3 	 2.201522925309838 	 3 	 4.0	3.0	0.0	2	1	-1	-1	-999	-999	0.0	2.5155 	-999	-999	-999	2.3561 	-999	-999	-999	2.0138 	2.8217 	-999	-999	115
51	A14b	circle	4	0.25	1	3 	 2.3281495686626905 	 3 	 2.0	2.0	1.0	2	1	-1	-1	-999	-999	0.0	2.4238 	3.0757 	-999	-999	2.0308 	2.9153 	-999	-999	1.943 	3.2171 	-999	-999	62
52	A14b	circle	4	1.41	1	0 	 2.2822865820144282 	 2 	 1.0	3.0	3.0	1	1	-1	-1	-999	-1.0	-999	2.2851 	3.2864 	-999	-999	2.4481 	-999	-999	-999	2.0219 	2.711 	-999	-999	63
53	A14b	circle	8	0.16	-1	3 	 2.6756777121559026 	 3 	 5.0	3.0	5.0	0	-1	1	-1	0.0	-999	-999	2.2773 	2.9823 	-999	-999	2.3795 	3.6267 	-999	-999	2.5031 	3.5529 	-999	-999	141
54	A14b	circle	4	0.82	1	3 	 2.8979576450466826 	 3 	 1.0	3.0	3.0	0	1	-1	-1	-0.0	-999	-999	2.4788 	3.899 	-999	-999	1.8572 	2.5557 	3.8748 	-999	1.9021 	2.7065 	3.2833 	-999	77
55	A14b	circle	8	0.28	-1	3 	 2.851103530948052 	 3 	 3.0	5.0	3.0	1	-1	1	-1	-999	-0.0	-999	1.8407 	2.7172 	3.5902 	-999	2.164 	3.425 	-999	-999	2.3773 	3.5136 	-999	-999	151
56	A14b	circle	8	0.23	1	3 	 2.8406484659083504 	 2 	 5.0	5.0	2.0	1	1	-1	-1	-999	0.0	-999	2.0364 	2.7725 	3.6267 	-999	2.229 	3.1634 	-999	-999	2.0563 	2.6979 	3.7948 	-999	150
57	A14b	circle	4	0.88	1	0 	 2.4176818418091064 	 2 	 0.0	2.0	3.0	0	1	-1	-1	2.0	-999	-999	2.5258 	-999	-999	-999	1.7856 	2.6379 	-999	-999	2.4245 	3.2687 	-999	-999	67
58	A14b	circle	4	0.44	-1	3 	 2.7257724285376943 	 3 	 0.0	3.0	2.0	2	-1	1	-1	-999	-999	0.0	2.4139 	3.2429 	-999	-999	1.8871 	2.5548 	3.2475 	-999	1.9299 	3.383 	-999	-999	74
59	A14b	circle	8	0.57	1	3 	 2.203022453447261 	 2 	 4.0	3.0	3.0	2	1	-1	-1	-999	-999	0.0	2.648 	-999	-999	-999	2.6303 	-999	-999	-999	1.8425 	2.6947 	-999	-999	115
60	A14b	circle	4	0.63	1	3 	 2.375929436737566 	 3 	 0.0	0.0	1.0	0	1	-1	-1	0.0	-999	-999	2.3743 	3.2336 	-999	-999	2.0577 	3.5012 	-999	-999	2.6996 	-999	-999	-999	66
61	A14b	circle	4	1.01	1	0 	 2.846288050981301 	 3 	 1.0	1.0	0.0	2	1	-1	-1	-999	-999	1.0	1.7797 	2.7784 	3.2879 	-999	1.8563 	2.7133 	3.8481 	-999	2.6219 	3.41 	-999	-999	73
62	A14b	circle	4	1.14	-1	0 	 2.697438124713808 	 2 	 3.0	0.0	1.0	1	-1	1	-1	-999	1.0	-999	2.2038 	3.2617 	-999	-999	2.2131 	2.8249 	-999	-999	2.4661 	3.1323 	-999	-999	65
63	A14b	circle	8	0.74	-1	3 	 2.898580029395792 	 2 	 5.0	2.0	0.0	0	-1	1	-1	0.0	-999	-999	2.3988 	2.9491 	4.3143 	-999	2.5512 	3.4733 	-999	-999	2.591 	3.6896 	-999	-999	153
64	A14b	circle	8	0.91	1	0 	 2.6877820061227387 	 2 	 7.0	0.0	5.0	1	1	-1	-1	-999	-2.0	-999	2.3291 	3.0599 	-999	-999	2.2065 	2.784 	3.3406 	-999	2.5643 	3.6285 	-999	-999	142
65	A14b	circle	4	0.35	-1	3 	 2.864745024196216 	 2 	 2.0	1.0	2.0	2	-1	1	-1	-999	-999	-0.0	2.5666 	3.0866 	-999	-999	1.8164 	2.6533 	3.8871 	-999	1.7846 	2.853 	3.4821 	-999	77
66	A14b	circle	8	0.74	1	3 	 2.7422112993766765 	 2 	 1.0	1.0	0.0	1	1	-1	-1	-999	0.0	-999	2.0053 	2.888 	-999	-999	2.2301 	3.4002 	-999	-999	2.3049 	3.4953 	-999	-999	143
67	A14b	circle	4	0.62	1	3 	 2.4279809884418406 	 2 	 3.0	2.0	2.0	1	1	-1	-1	-999	0.0	-999	2.2367 	3.4366 	-999	-999	2.0997 	2.7083 	-999	-999	1.9366 	2.625 	-999	-999	67
68	A14b	circle	8	0.91	-1	3 	 2.874114793163644 	 2 	 3.0	0.0	7.0	0	-1	1	-1	-0.0	-999	-999	1.8665 	2.7462 	3.2886 	-999	2.2542 	2.9232 	4.3959 	-999	2.5784 	3.1617 	-999	-999	151
69	A14b	circle	8	0.4	-1	3 	 2.5613363114558383 	 2 	 2.0	7.0	0.0	1	-1	1	-1	-999	-0.0	-999	1.8366 	3.1484 	-999	-999	2.1854 	3.3061 	-999	-999	2.4786 	3.2493 	-999	-999	135
70	A14b	circle	8	0.28	1	3 	 2.770046704680606 	 3 	 6.0	4.0	7.0	1	1	-1	-1	-999	-0.0	-999	1.7739 	3.152 	-999	-999	2.0106 	2.6786 	3.4365 	-999	2.5765 	4.0291 	-999	-999	145
71	A14b	circle	4	0.25	-1	3 	 2.763135194746934 	 3 	 3.0	3.0	2.0	1	-1	1	-1	-999	-0.0	-999	2.0508 	3.5214 	-999	-999	2.0288 	3.1802 	-999	-999	1.9992 	2.795 	3.6418 	-999	76
72	A14b	circle	8	0.57	-1	3 	 2.3933279050283645 	 2 	 4.0	3.0	3.0	2	-1	1	-1	-999	-999	-0.0	2.4257 	3.6183 	-999	-999	2.0293 	3.467 	-999	-999	2.4471 	3.0591 	-999	-999	124
73	A14b	circle	8	0.23	-1	3 	 2.308788714794467 	 2 	 5.0	6.0	0.0	1	-1	1	-1	-999	-0.0	-999	2.5823 	-999	-999	-999	1.8343 	2.8864 	-999	-999	2.5926 	-999	-999	-999	119
74	A14b	circle	4	0.62	-1	3 	 2.2878084997033667 	 2 	 0.0	3.0	2.0	1	-1	1	-1	-999	0.0	-999	2.2449 	2.8317 	-999	-999	2.2916 	3.0003 	-999	-999	2.1109 	2.9298 	-999	-999	60
75	A14b	circle	4	1.41	-1	0 	 2.2958498416253486 	 2 	 1.0	0.0	2.0	2	-1	1	-1	-999	-999	-2.0	1.9879 	2.7743 	-999	-999	2.6544 	-999	-999	-999	1.8116 	2.6603 	-999	-999	60
76	A14b	circle	4	1.14	1	3 	 2.663628801174741 	 2 	 0.0	1.0	1.0	1	1	-1	-1	-999	0.0	-999	2.6772 	4.1622 	-999	-999	1.8168 	2.7778 	-999	-999	1.8775 	3.2845 	-999	-999	73
77	A14b	circle	4	0.82	-1	3 	 2.5275456806255425 	 3 	 0.0	2.0	1.0	2	-1	1	-1	-999	-999	0.0	2.5336 	4.0202 	-999	-999	1.8009 	2.3023 	3.291 	-999	2.133 	2.8135 	-999	-999	68
78	A14b	circle	4	1.01	-1	0 	 2.79902241869323 	 3 	 0.0	1.0	0.0	1	-1	1	-1	-999	-2.0	-999	1.8331 	2.8147 	4.221 	-999	1.9199 	2.8661 	3.567 	-999	1.7547 	2.5544 	3.6177 	-999	77
79	A14b	circle	8	0.4	-1	3 	 2.795841190788277 	 3 	 3.0	2.0	2.0	1	-1	1	-1	-999	-0.0	-999	1.9828 	3.4045 	-999	-999	2.4928 	3.6886 	-999	-999	1.888 	2.6459 	3.8055 	-999	147
80	A14b	circle	4	0.44	1	3 	 2.9715157963561265 	 3 	 3.0	3.0	1.0	0	1	-1	-1	-0.0	-999	-999	2.2248 	3.6832 	-999	-999	1.741 	2.7689 	4.2161 	-999	2.0133 	3.2285 	-999	-999	80
81	A14b	circle	8	0.16	-1	3 	 2.825349399402933 	 3 	 2.0	7.0	3.0	0	-1	1	-1	0.0	-999	-999	2.0634 	3.1875 	-999	-999	2.5818 	3.3206 	-999	-999	2.065 	2.8325 	3.4728 	-999	148
82	A14b	circle	4	0.62	1	3 	 2.737190717263912 	 2 	 1.0	3.0	0.0	0	1	-1	-1	-0.0	-999	-999	2.5598 	3.7869 	-999	-999	1.9613 	3.2314 	-999	-999	2.2156 	3.0963 	-999	-999	75
83	A14b	circle	4	1.14	1	0 	 2.352644073960148 	 2 	 0.0	2.0	3.0	2	1	-1	-1	-999	-999	1.0	2.3039 	2.8402 	-999	-999	1.8068 	2.3476 	3.3453 	-999	2.2629 	3.6169 	-999	-999	62
84	A14b	circle	4	0.82	1	3 	 2.2742150332444195 	 3 	 2.0	2.0	1.0	0	1	-1	-1	0.0	-999	-999	2.3766 	-999	-999	-999	2.2726 	3.1506 	-999	-999	2.4805 	-999	-999	-999	60
85	A14b	circle	8	0.91	1	0 	 2.4438461768970887 	 2 	 7.0	0.0	0.0	2	1	-1	-1	-999	-999	-3.0	1.8371 	3.3357 	-999	-999	2.1667 	3.4238 	-999	-999	2.4328 	3.3036 	-999	-999	127
86	A14b	circle	4	0.62	-1	0 	 2.370243239574687 	 2 	 2.0	3.0	0.0	0	-1	1	-1	2.0	-999	-999	2.4284 	3.016 	-999	-999	2.5728 	-999	-999	-999	2.5496 	-999	-999	-999	62
87	A14b	circle	4	1.41	1	3 	 2.453144243636372 	 2 	 1.0	0.0	0.0	1	1	-1	-1	-999	0.0	-999	1.8525 	2.5708 	-999	-999	1.7111 	3.1469 	-999	-999	2.2643 	3.6525 	-999	-999	70
88	A14b	circle	8	0.74	-1	0 	 2.3832573086371576 	 2 	 1.0	4.0	7.0	2	-1	1	-1	-999	-999	-1.0	2.3472 	3.7888 	-999	-999	1.7895 	2.7618 	-999	-999	2.6076 	-999	-999	-999	124
89	A14b	circle	8	0.74	1	0 	 2.45460217148189 	 2 	 4.0	1.0	7.0	0	1	-1	-1	1.0	-999	-999	1.8483 	3.3449 	-999	-999	2.6679 	-999	-999	-999	1.9489 	2.7522 	-999	-999	128
90	A14b	circle	4	0.44	-1	3 	 2.2399829159184717 	 3 	 1.0	3.0	3.0	1	-1	1	-1	-999	0.0	-999	1.9532 	3.0815 	-999	-999	2.2939 	2.9867 	-999	-999	1.7824 	3.2018 	-999	-999	56
91	A14b	circle	8	0.4	1	3 	 2.3818594267446036 	 2 	 2.0	2.0	0.0	2	1	-1	-1	-999	-999	0.0	2.0098 	2.6914 	-999	-999	1.7936 	2.9816 	-999	-999	2.227 	2.9314 	-999	-999	124
92	A14b	circle	4	1.14	-1	0 	 2.3325657060142575 	 2 	 0.0	2.0	1.0	2	-1	1	-1	-999	-999	-2.0	2.4385 	-999	-999	-999	1.9783 	3.348 	-999	-999	2.5052 	-999	-999	-999	60
93	A14b	circle	8	0.52	-1	3 	 2.39454998654638 	 3 	 3.0	0.0	5.0	0	-1	1	-1	0.0	-999	-999	2.1134 	3.2024 	-999	-999	2.227 	3.5901 	-999	-999	2.0632 	2.8312 	-999	-999	123
94	A14b	circle	4	0.63	-1	3 	 2.488166722381694 	 3 	 1.0	1.0	3.0	1	-1	1	-1	-999	0.0	-999	1.877 	2.4417 	3.5724 	-999	2.6219 	-999	-999	-999	1.7036 	2.3327 	3.7123 	-999	64
95	A14b	circle	8	0.23	-1	3 	 2.9651189690036754 	 2 	 7.0	6.0	6.0	0	-1	1	-1	0.0	-999	-999	2.1596 	3.5218 	-999	-999	2.6654 	3.5284 	-999	-999	2.1007 	3.1835 	-999	-999	156
96	A14b	circle	8	0.4	-1	3 	 2.958315484908619 	 2 	 2.0	3.0	5.0	1	-1	1	-1	-999	-0.0	-999	1.9385 	3.1365 	-999	-999	2.4465 	3.1463 	-999	-999	2.0568 	2.7528 	4.0038 	-999	155
97	A14b	circle	8	0.57	-1	3 	 2.709023786257815 	 2 	 1.0	4.0	3.0	0	-1	1	-1	0.0	-999	-999	2.6844 	3.3488 	-999	-999	2.6469 	3.9919 	-999	-999	2.2627 	2.9291 	-999	-999	141
98	A14b	circle	8	0.91	-1	0 	 2.5343275175903393 	 2 	 6.0	0.0	4.0	2	-1	1	-1	-999	-999	-1.0	2.1708 	3.5033 	-999	-999	1.9771 	2.6289 	3.7053 	-999	2.1122 	3.3039 	-999	-999	132
99	A14b	circle	4	0.35	1	3 	 2.480562023660698 	 2 	 3.0	1.0	2.0	1	1	-1	-1	-999	0.0	-999	2.6637 	-999	-999	-999	2.2279 	3.2929 	-999	-999	2.663 	-999	-999	-999	66
100	A14b	circle	4	1.01	1	0 	 2.581882139314164 	 3 	 1.0	0.0	0.0	2	1	-1	-1	-999	-999	1.0	2.1672 	3.0883 	-999	-999	2.6405 	3.2261 	-999	-999	2.4479 	2.9916 	-999	-999	64
101	A14b	circle	8	0.16	1	3 	 2.8972331919307313 	 3 	 1.0	3.0	6.0	1	1	-1	-1	-999	0.0	-999	2.4256 	2.975 	4.1681 	-999	2.3498 	3.2599 	-999	-999	2.3044 	3.4658 	-999	-999	152
102	A14b	circle	4	0.82	-1	3 	 2.342453436202796 	 3 	 0.0	3.0	0.0	0	-1	1	-1	0.0	-999	-999	1.8399 	2.744 	-999	-999	2.3419 	3.3994 	-999	-999	2.5656 	-999	-999	-999	60
103	A14b	circle	4	0.25	-1	3 	 2.2217442813437343 	 3 	 3.0	2.0	0.0	2	-1	1	-1	-999	-999	0.0	1.7916 	3.0165 	-999	-999	2.1022 	3.0257 	-999	-999	1.8919 	3.1149 	-999	-999	58
104	A14b	circle	4	0.25	1	3 	 2.921844097699529 	 3 	 0.0	1.0	3.0	0	1	-1	-1	-0.0	-999	-999	1.818 	3.1898 	-999	-999	1.8175 	2.583 	3.8049 	-999	1.815 	3.0284 	-999	-999	75
105	A14b	circle	4	0.88	-1	3 	 2.61995052311463 	 2 	 0.0	0.0	0.0	1	-1	1	-1	-999	0.0	-999	2.3876 	3.0606 	-999	-999	2.6435 	4.114 	-999	-999	1.7082 	2.4752 	3.1073 	-999	66
106	A14b	circle	4	0.63	1	3 	 2.638339555535585 	 3 	 1.0	3.0	0.0	0	1	-1	-1	-0.0	-999	-999	2.1064 	3.3522 	-999	-999	2.2187 	3.0025 	-999	-999	2.1615 	3.3479 	-999	-999	67
107	A14b	circle	8	0.52	1	3 	 2.2088407115341884 	 3 	 4.0	7.0	3.0	2	1	-1	-1	-999	-999	0.0	2.1544 	2.9551 	-999	-999	2.2891 	3.7611 	-999	-999	2.1217 	3.1754 	-999	-999	111
108	A14b	circle	4	0.35	-1	3 	 2.331423500409524 	 2 	 2.0	1.0	2.0	1	-1	1	-1	-999	-0.0	-999	2.4013 	3.0306 	-999	-999	2.3 	3.7846 	-999	-999	1.7483 	2.9192 	-999	-999	60
109	A14b	circle	8	0.23	1	3 	 2.9517865392540736 	 2 	 5.0	3.0	6.0	1	1	-1	-1	-999	0.0	-999	2.5451 	3.4458 	-999	-999	1.7788 	3.1696 	-999	-999	2.3677 	2.8942 	3.7869 	-999	154
110	A14b	circle	8	0.64	-1	3 	 2.791276712038043 	 3 	 2.0	0.0	3.0	1	-1	1	-1	-999	-0.0	-999	2.5666 	3.2186 	-999	-999	2.4207 	3.1404 	-999	-999	2.6535 	3.8019 	-999	-999	144
111	A14b	circle	8	0.28	1	3 	 2.4403321019502884 	 3 	 4.0	4.0	5.0	2	1	-1	-1	-999	-999	0.0	1.8447 	2.9646 	-999	-999	1.8905 	3.296 	-999	-999	2.0647 	3.2764 	-999	-999	124
112	A14b	circle	4	0.88	1	0 	 2.328274047056162 	 2 	 0.0	3.0	0.0	2	1	-1	-1	-999	-999	-1.0	2.2614 	3.7269 	-999	-999	2.013 	3.2112 	-999	-999	2.3418 	2.9211 	-999	-999	59
113	A14b	circle	8	0.64	1	3 	 2.6751395683876904 	 3 	 0.0	0.0	3.0	2	1	-1	-1	-999	-999	0.0	2.3539 	3.0524 	-999	-999	2.186 	3.1746 	-999	-999	1.8412 	3.1457 	-999	-999	137
114	A14b	circle	8	0.28	-1	3 	 2.4423811295181834 	 3 	 6.0	3.0	6.0	2	-1	1	-1	-999	-999	-0.0	1.875 	3.0485 	-999	-999	2.264 	3.0853 	-999	-999	2.6856 	-999	-999	-999	125
115	A14b	circle	8	0.57	1	3 	 2.4736839500473637 	 2 	 1.0	7.0	1.0	1	1	-1	-1	-999	-0.0	-999	2.5923 	-999	-999	-999	2.4818 	3.1394 	-999	-999	2.379 	3.8579 	-999	-999	126
116	A14b	circle	8	0.4	-1	3 	 2.549435809480363 	 3 	 2.0	4.0	2.0	0	-1	1	-1	-0.0	-999	-999	2.5513 	3.3094 	-999	-999	2.1418 	3.3591 	-999	-999	2.6647 	-999	-999	-999	130
117	A14b	circle	4	1.01	-1	0 	 2.7148914495332566 	 3 	 0.0	0.0	2.0	2	-1	1	-1	-999	-999	1.0	2.6915 	3.9572 	-999	-999	2.0778 	3.0067 	-999	-999	1.7188 	3.1648 	-999	-999	70
118	A14b	circle	4	1.41	-1	3 	 2.552093909030933 	 2 	 0.0	2.0	0.0	0	-1	1	-1	0.0	-999	-999	2.2702 	3.0207 	-999	-999	2.4881 	2.9978 	-999	-999	2.583 	3.5029 	-999	-999	46
119	A14b	circle	8	0.4	1	3 	 2.3628750441491184 	 3 	 4.0	3.0	4.0	2	1	-1	-1	-999	-999	-0.0	2.155 	3.523 	-999	-999	2.3349 	2.9984 	-999	-999	2.3489 	3.7119 	-999	-999	116
