trialnum	subject	basicShape	numObjects	speed	initialDirRing0	orderCorrect	trialDurTotal	numTargets	whichIsTargetEachRing0	whichIsTargetEachRing1	whichIsTargetEachRing2	ringToQuery	Direction0	Direction1	Direction2	respAdj0	respAdj1	respAdj2	rev0_0	rev0_1	rev0_2	rev0_3	rev1_0	rev1_1	rev1_2	rev1_3	rev2_0	rev2_1	rev2_2	rev2_3	timingBlips
0	J16a	circle	4	0.52	1	0 	 2.6814443840296542 	 2 	 -999.0	2.0	0.0	1	1	-1	-1	-999	-1.0	-999	2.4788 	3.0797 	-999	-999	2.4825 	3.3017 	-999	-999	2.4551 	3.2513 	-999	-999	72
1	J16a	circle	4	0.83	-1	0 	 2.4056221213163074 	 2 	 2.0	2.0	-999.0	0	-1	1	-1	-1.0	-999	-999	2.2652 	3.5764 	-999	-999	1.9433 	2.4611 	3.232 	-999	1.7733 	2.9776 	-999	-999	66
2	J16a	circle	4	0.77	1	0 	 2.636259535261059 	 3 	 1.0	0.0	2.0	1	1	-1	-1	-999	-1.0	-999	2.5362 	3.5115 	-999	-999	1.81 	3.1654 	-999	-999	2.264 	3.1694 	-999	-999	72
3	J16a	circle	4	0.83	1	3 	 2.4509151926450863 	 2 	 0.0	2.0	2.0	2	1	-1	-1	-999	-999	-0.0	2.6873 	-999	-999	-999	2.5707 	-999	-999	-999	1.8514 	2.4076 	3.525 	-999	65
4	J16a	circle	8	0.28	1	0 	 2.301116549660094 	 2 	 7.0	-999.0	7.0	0	1	-1	-1	-2.0	-999	-999	2.676 	-999	-999	-999	1.9585 	2.8937 	-999	-999	1.7447 	2.8817 	-999	-999	122
5	J16a	circle	4	0.34	-1	0 	 2.304454048896988 	 3 	 0.0	1.0	3.0	2	-1	1	-1	-999	-999	1.0	1.8642 	2.8873 	-999	-999	2.0223 	2.7243 	-999	-999	2.0291 	3.1423 	-999	-999	62
6	J16a	circle	4	0.68	1	3 	 2.359751470060478 	 2 	 2.0	3.0	-999.0	0	1	-1	-1	-0.0	-999	-999	1.8927 	3.0188 	-999	-999	1.829 	2.9216 	-999	-999	2.144 	3.2562 	-999	-999	63
7	J16a	circle	8	0.2	-1	3 	 2.2886879407603145 	 2 	 0.0	-999.0	0.0	2	-1	1	-1	-999	-999	0.0	2.6984 	-999	-999	-999	2.4876 	-999	-999	-999	2.1501 	2.9757 	-999	-999	119
8	J16a	circle	8	0.28	1	0 	 2.938501940635003 	 3 	 1.0	2.0	7.0	0	1	-1	-1	-1.0	-999	-999	2.5491 	3.3451 	-999	-999	2.0067 	3.0653 	-999	-999	2.2527 	3.5338 	-999	-999	155
9	J16a	circle	4	0.62	-1	3 	 2.81133559865589 	 3 	 2.0	3.0	0.0	1	-1	1	-1	-999	-0.0	-999	2.4398 	3.551 	-999	-999	1.9631 	2.8407 	3.3802 	-999	2.3561 	2.9742 	-999	-999	77
10	J16a	circle	8	0.2	1	3 	 2.790929315702516 	 2 	 0.0	6.0	5.0	1	1	-1	-1	-999	0.0	-999	1.7232 	2.9438 	-999	-999	2.4184 	3.7547 	-999	-999	1.9638 	2.789 	4.2808 	-999	148
11	J16a	circle	8	0.45	1	3 	 2.808003403139338 	 3 	 1.0	1.0	2.0	2	1	-1	-1	-999	-999	0.0	2.6923 	4.0326 	-999	-999	2.1768 	3.0566 	-999	-999	2.1485 	3.5315 	-999	-999	149
12	J16a	circle	8	0.45	-1	0 	 2.7422518531317874 	 2 	 5.0	-999.0	2.0	2	-1	1	-1	-999	-999	-2.0	2.5534 	3.8505 	-999	-999	1.9099 	2.5674 	3.6696 	-999	1.9884 	2.8504 	-999	-999	146
13	J16a	circle	4	0.19	1	3 	 2.6134075886194763 	 3 	 3.0	2.0	3.0	2	1	-1	-1	-999	-999	0.0	2.6478 	3.248 	-999	-999	2.5682 	3.1903 	-999	-999	2.5752 	3.7434 	-999	-999	70
14	J16a	circle	4	0.68	-1	0 	 2.9631449279097692 	 2 	 3.0	3.0	0.0	2	-1	1	-1	-999	-999	1.0	1.9125 	2.8024 	3.5237 	-999	1.7484 	2.8597 	3.8046 	-999	2.2092 	2.9009 	4.2729 	-999	83
15	J16a	circle	8	0.36	-1	0 	 2.7136028417997085 	 2 	 -999.0	0.0	7.0	1	-1	1	-1	-999	1.0	-999	2.5144 	3.7215 	-999	-999	2.6073 	3.8903 	-999	-999	2.6242 	3.2096 	-999	-999	143
16	J16a	circle	8	0.36	-1	3 	 2.4344399968154167 	 3 	 4.0	0.0	5.0	2	-1	1	-1	-999	-999	0.0	1.8044 	3.2373 	-999	-999	1.8055 	2.3987 	3.6019 	-999	1.9576 	2.8918 	-999	-999	128
17	J16a	circle	4	0.21	1	3 	 2.72068177667685 	 2 	 0.0	1.0	-999.0	0	1	-1	-1	-0.0	-999	-999	2.6597 	3.2946 	-999	-999	2.4323 	2.9688 	-999	-999	1.8928 	3.3457 	-999	-999	79
18	J16a	circle	4	0.52	-1	3 	 2.3895790919686966 	 2 	 -999.0	0.0	1.0	2	-1	1	-1	-999	-999	0.0	2.0324 	2.7339 	-999	-999	2.2245 	2.8751 	-999	-999	2.289 	3.6123 	-999	-999	64
19	J16a	circle	4	0.48	1	0 	 2.236225589620769 	 3 	 2.0	0.0	2.0	2	1	-1	-1	-999	-999	-1.0	2.4474 	-999	-999	-999	2.0502 	3.0386 	-999	-999	2.4433 	-999	-999	-999	62
20	J16a	circle	8	0.11	1	0 	 2.9867666908641928 	 3 	 0.0	6.0	3.0	0	1	-1	-1	4.0	-999	-999	2.2188 	2.8798 	3.9608 	-999	2.2025 	3.3132 	-999	-999	2.5404 	3.9373 	-999	-999	159
21	J16a	circle	4	0.19	-1	3 	 2.4505051913784204 	 3 	 0.0	0.0	2.0	0	-1	1	-1	0.0	-999	-999	2.1326 	2.9356 	-999	-999	1.9663 	3.1902 	-999	-999	2.1991 	3.5593 	-999	-999	65
22	J16a	circle	4	0.48	-1	3 	 2.40078886069168 	 3 	 1.0	2.0	2.0	0	-1	1	-1	-0.0	-999	-999	2.4768 	3.7726 	-999	-999	2.4807 	3.8819 	-999	-999	2.632 	-999	-999	-999	64
23	J16a	circle	4	0.77	-1	0 	 2.6364937794270733 	 3 	 1.0	1.0	3.0	2	-1	1	-1	-999	-999	1.0	2.3662 	3.1188 	-999	-999	2.6968 	3.5458 	-999	-999	2.3424 	3.6311 	-999	-999	72
24	J16a	circle	8	0.2	-1	0 	 2.68539269533826 	 3 	 3.0	1.0	4.0	1	-1	1	-1	-999	3.0	-999	1.9474 	2.6691 	3.4781 	-999	2.6011 	4.0298 	-999	-999	2.556 	3.7765 	-999	-999	141
25	J16a	circle	4	0.62	1	0 	 2.472515740645304 	 3 	 0.0	0.0	3.0	0	1	-1	-1	-1.0	-999	-999	2.4752 	2.9829 	-999	-999	1.9717 	2.5552 	3.5389 	-999	1.8585 	2.3898 	3.8668 	-999	69
26	J16a	circle	8	0.45	1	3 	 2.8702612009806265 	 2 	 0.0	7.0	2.0	0	1	-1	-1	-0.0	-999	-999	2.3916 	3.7199 	-999	-999	2.2864 	3.0546 	-999	-999	1.9808 	2.7254 	3.7558 	-999	151
27	J16a	circle	4	0.36	1	3 	 2.2074960468688296 	 2 	 2.0	1.0	-999.0	0	1	-1	-1	-0.0	-999	-999	1.8987 	2.4537 	-999	-999	1.7877 	3.2684 	-999	-999	2.0345 	2.7005 	-999	-999	57
28	J16a	circle	8	0.2	1	0 	 2.5325703280593412 	 3 	 4.0	0.0	7.0	0	1	-1	-1	-1.0	-999	-999	2.5479 	4.0375 	-999	-999	2.3479 	3.3684 	-999	-999	2.1722 	3.0452 	-999	-999	132
29	J16a	circle	8	0.36	1	3 	 2.411203386794714 	 2 	 5.0	0.0	4.0	0	1	-1	-1	-0.0	-999	-999	1.8834 	2.516 	-999	-999	2.3368 	3.0091 	-999	-999	1.9095 	3.0076 	-999	-999	122
30	J16a	circle	8	0.28	-1	3 	 2.536044502058037 	 3 	 1.0	5.0	0.0	0	-1	1	-1	0.0	-999	-999	2.4561 	3.3131 	-999	-999	2.0733 	3.5045 	-999	-999	2.1417 	3.6141 	-999	-999	129
31	J16a	circle	8	0.11	-1	3 	 2.2080910508493368 	 3 	 0.0	5.0	3.0	1	-1	1	-1	-999	0.0	-999	2.1299 	3.4623 	-999	-999	2.5986 	-999	-999	-999	1.9823 	2.9784 	-999	-999	115
32	J16a	circle	8	0.11	1	3 	 2.9182384388851577 	 2 	 2.0	-999.0	1.0	2	1	-1	-1	-999	-999	0.0	1.9157 	2.5754 	3.7505 	-999	2.0732 	3.5703 	-999	-999	2.3619 	3.1267 	-999	-999	154
33	J16a	circle	8	0.28	-1	0 	 2.986752467702445 	 2 	 3.0	5.0	7.0	1	-1	1	-1	-999	-1.0	-999	2.3194 	3.3287 	-999	-999	2.2786 	3.7196 	-999	-999	2.6964 	3.4584 	-999	-999	157
34	J16a	circle	4	0.36	-1	3 	 2.841357708002331 	 2 	 3.0	3.0	-999.0	0	-1	1	-1	-0.0	-999	-999	1.784 	2.675 	3.4247 	-999	2.0932 	3.1281 	-999	-999	2.0287 	2.7627 	3.8556 	-999	75
35	J16a	circle	4	0.21	-1	3 	 2.771085756161552 	 2 	 0.0	1.0	2.0	0	-1	1	-1	0.0	-999	-999	2.2342 	3.3985 	-999	-999	2.1712 	2.8548 	3.3564 	-999	2.2173 	3.6773 	-999	-999	77
36	J16a	circle	8	0.36	1	0 	 2.9517080190315013 	 3 	 3.0	4.0	5.0	0	1	-1	-1	-1.0	-999	-999	2.3852 	3.5076 	-999	-999	2.2329 	3.0463 	3.8247 	-999	2.6598 	3.6587 	-999	-999	157
37	J16a	circle	4	0.34	1	3 	 2.8961317902413417 	 3 	 3.0	1.0	1.0	0	1	-1	-1	-0.0	-999	-999	2.4551 	3.1397 	-999	-999	2.0212 	2.9831 	3.6492 	-999	2.3722 	2.9368 	3.5276 	-999	84
38	J16a	circle	8	0.45	-1	0 	 2.3017344916201727 	 3 	 1.0	5.0	4.0	2	-1	1	-1	-999	-999	-3.0	2.4 	3.8807 	-999	-999	2.1547 	2.8217 	-999	-999	2.3588 	3.2654 	-999	-999	121
39	J16a	circle	8	0.11	-1	3 	 2.3236089294827296 	 2 	 2.0	1.0	0.0	2	-1	1	-1	-999	-999	-0.0	1.7456 	2.7226 	-999	-999	2.3365 	3.3228 	-999	-999	2.6787 	-999	-999	-999	120
40	J16a	circle	4	0.83	-1	0 	 2.7506879390031047 	 2 	 2.0	2.0	3.0	2	-1	1	-1	-999	-999	1.0	2.0454 	2.685 	3.4513 	-999	2.2478 	3.2938 	-999	-999	1.8168 	3.2942 	-999	-999	74
41	J16a	circle	8	0.11	-1	0 	 2.234452873766884 	 3 	 1.0	2.0	5.0	2	-1	1	-1	-999	-999	-2.0	1.9998 	3.238 	-999	-999	1.8448 	2.4529 	-999	-999	2.5788 	-999	-999	-999	116
42	J16a	circle	4	0.52	-1	3 	 2.410400327019156 	 2 	 0.0	2.0	1.0	1	-1	1	-1	-999	-0.0	-999	1.8496 	2.6759 	-999	-999	2.3026 	3.4114 	-999	-999	2.1768 	3.0098 	-999	-999	66
43	J16a	circle	4	0.68	1	3 	 2.814852937718897 	 2 	 0.0	3.0	2.0	2	1	-1	-1	-999	-999	0.0	2.2563 	3.3342 	-999	-999	2.1912 	3.3459 	-999	-999	1.8755 	2.9794 	-999	-999	77
44	J16a	circle	4	0.48	-1	0 	 2.930889781482153 	 3 	 3.0	1.0	3.0	1	-1	1	-1	-999	2.0	-999	1.7954 	3.261 	-999	-999	1.8256 	2.7787 	3.3583 	-999	1.8682 	2.7492 	3.4927 	-999	83
45	J16a	circle	8	0.36	1	3 	 2.9425760417184383 	 2 	 3.0	6.0	4.0	0	1	-1	-1	-0.0	-999	-999	1.7059 	3.0132 	4.4881 	-999	2.1206 	3.0678 	-999	-999	2.3488 	3.5877 	-999	-999	154
46	J16a	circle	8	0.45	-1	3 	 2.6210697790802993 	 2 	 0.0	7.0	1.0	0	-1	1	-1	0.0	-999	-999	2.088 	3.3735 	-999	-999	2.1558 	3.3109 	-999	-999	1.7319 	2.9274 	-999	-999	138
47	J16a	circle	8	0.2	-1	3 	 2.4583114215829696 	 2 	 1.0	7.0	5.0	0	-1	1	-1	0.0	-999	-999	1.9783 	3.1616 	-999	-999	2.0395 	3.4117 	-999	-999	1.7018 	3.0684 	-999	-999	127
48	J16a	circle	4	0.34	1	3 	 2.4490696127535827 	 3 	 2.0	2.0	2.0	0	1	-1	-1	0.0	-999	-999	1.8694 	2.4105 	2.9747 	-999	1.9244 	3.2392 	-999	-999	2.2661 	2.898 	-999	-999	64
49	J16a	circle	8	0.45	1	0 	 2.890025294964444 	 2 	 0.0	4.0	7.0	2	1	-1	-1	-999	-999	3.0	2.1709 	3.5086 	-999	-999	2.4948 	3.1641 	-999	-999	2.3885 	3.1903 	-999	-999	150
50	J16a	circle	4	0.68	-1	3 	 2.4624220266839467 	 2 	 0.0	0.0	1.0	2	-1	1	-1	-999	-999	0.0	2.4464 	3.0684 	-999	-999	1.9508 	2.8619 	-999	-999	2.2633 	3.2852 	-999	-999	71
51	J16a	circle	8	0.11	1	3 	 2.2669875868744715 	 2 	 7.0	7.0	0.0	0	1	-1	-1	0.0	-999	-999	2.4275 	-999	-999	-999	2.1511 	2.7642 	-999	-999	2.08 	3.5158 	-999	-999	117
52	J16a	circle	4	0.48	1	3 	 2.5079089599384092 	 3 	 1.0	3.0	1.0	2	1	-1	-1	-999	-999	0.0	2.6065 	3.9298 	-999	-999	2.0881 	3.2363 	-999	-999	2.4817 	3.1203 	-999	-999	71
53	J16a	circle	4	0.19	-1	3 	 2.9573913531399207 	 3 	 0.0	2.0	3.0	0	-1	1	-1	0.0	-999	-999	2.3849 	3.7204 	-999	-999	2.5572 	3.9522 	-999	-999	2.693 	3.2721 	-999	-999	79
54	J16a	circle	8	0.2	1	3 	 2.672438275779989 	 3 	 5.0	5.0	4.0	1	1	-1	-1	-999	0.0	-999	2.5766 	4.0681 	-999	-999	2.4405 	3.3444 	-999	-999	2.0511 	2.6612 	3.6657 	-999	140
55	J16a	circle	8	0.28	-1	3 	 2.7132898156860943 	 2 	 0.0	5.0	5.0	0	-1	1	-1	0.0	-999	-999	1.906 	3.3703 	-999	-999	2.0068 	3.4166 	-999	-999	2.1862 	3.5174 	-999	-999	143
56	J16a	circle	8	0.45	1	3 	 2.2019517492008354 	 3 	 1.0	6.0	7.0	0	1	-1	-1	0.0	-999	-999	2.2326 	3.0576 	-999	-999	1.8798 	2.6897 	-999	-999	2.2014 	3.236 	-999	-999	113
57	J16a	circle	4	0.36	-1	0 	 2.2722476847197908 	 2 	 3.0	3.0	0.0	0	-1	1	-1	-1.0	-999	-999	2.4887 	-999	-999	-999	2.2685 	3.6192 	-999	-999	2.4965 	-999	-999	-999	62
58	J16a	circle	8	0.36	-1	0 	 2.494906613035494 	 2 	 3.0	7.0	7.0	2	-1	1	-1	-999	-999	-2.0	2.4085 	3.2641 	-999	-999	2.5205 	3.4999 	-999	-999	2.2326 	3.1435 	-999	-999	129
59	J16a	circle	8	0.36	-1	0 	 2.580706040830215 	 3 	 6.0	3.0	1.0	0	-1	1	-1	1.0	-999	-999	2.0634 	3.0572 	-999	-999	2.4757 	3.8126 	-999	-999	2.323 	3.5934 	-999	-999	135
60	J16a	circle	4	0.19	1	3 	 2.2242257398705756 	 3 	 1.0	3.0	2.0	0	1	-1	-1	-0.0	-999	-999	1.8667 	3.3298 	-999	-999	2.4832 	-999	-999	-999	2.223 	3.3503 	-999	-999	63
61	J16a	circle	4	0.21	-1	3 	 2.4389083088715795 	 2 	 0.0	2.0	2.0	1	-1	1	-1	-999	-0.0	-999	2.179 	2.9772 	-999	-999	2.3365 	3.2485 	-999	-999	1.7705 	3.1901 	-999	-999	63
62	J16a	circle	4	0.83	1	0 	 2.373047086363422 	 2 	 2.0	2.0	3.0	2	1	-1	-1	-999	-999	-2.0	2.6776 	-999	-999	-999	2.4539 	3.1884 	-999	-999	2.2174 	3.6723 	-999	-999	64
63	J16a	circle	8	0.28	1	3 	 2.544021583463282 	 2 	 0.0	5.0	1.0	1	1	-1	-1	-999	0.0	-999	1.9847 	2.5599 	3.4139 	-999	2.1669 	3.2659 	-999	-999	2.0954 	3.0472 	-999	-999	131
64	J16a	circle	8	0.28	-1	0 	 2.4614184069996354 	 3 	 7.0	4.0	1.0	2	-1	1	-1	-999	-999	-1.0	2.3558 	3.4252 	-999	-999	2.2247 	2.9456 	-999	-999	2.4616 	2.979 	-999	-999	128
65	J16a	circle	8	0.36	1	3 	 2.3081034821503446 	 3 	 7.0	4.0	1.0	2	1	-1	-1	-999	-999	0.0	2.0317 	2.6955 	-999	-999	2.0913 	3.0835 	-999	-999	1.9448 	3.2365 	-999	-999	118
66	J16a	circle	8	0.2	-1	0 	 2.2326181085865837 	 3 	 2.0	4.0	1.0	2	-1	1	-1	-999	-999	1.0	1.8148 	3.0214 	-999	-999	2.2358 	3.0582 	-999	-999	2.0647 	3.1167 	-999	-999	115
67	J16a	circle	4	0.21	1	3 	 2.6944036948318772 	 2 	 2.0	2.0	1.0	0	1	-1	-1	-0.0	-999	-999	2.5484 	3.8154 	-999	-999	2.2735 	2.8244 	-999	-999	2.3654 	3.2929 	-999	-999	69
68	J16a	circle	8	0.11	1	0 	 2.938635473581695 	 3 	 6.0	3.0	5.0	0	1	-1	-1	1.0	-999	-999	2.362 	3.0345 	3.7665 	-999	2.3498 	2.9929 	3.7301 	-999	2.6069 	3.3867 	-999	-999	154
69	J16a	circle	8	0.28	1	3 	 2.294492492227342 	 3 	 4.0	2.0	2.0	0	1	-1	-1	-0.0	-999	-999	2.0506 	2.6794 	-999	-999	2.364 	3.7885 	-999	-999	1.7406 	2.2686 	3.6294 	-999	118
70	J16a	circle	4	0.52	1	0 	 2.865676011993451 	 2 	 0.0	3.0	3.0	2	1	-1	-1	-999	-999	2.0	2.4828 	3.6785 	-999	-999	2.1941 	2.995 	-999	-999	2.2852 	2.7916 	3.3798 	-999	75
71	J16a	circle	8	0.45	-1	3 	 2.6963393638481947 	 3 	 4.0	0.0	2.0	2	-1	1	-1	-999	-999	0.0	1.8326 	2.5046 	3.195 	-999	2.2867 	2.8571 	-999	-999	1.7447 	2.9827 	-999	-999	139
72	J16a	circle	4	0.62	-1	0 	 2.8815849659976767 	 3 	 2.0	2.0	3.0	1	-1	1	-1	-999	1.0	-999	2.624 	3.5057 	-999	-999	2.5654 	3.756 	-999	-999	2.183 	3.1323 	-999	-999	79
73	J16a	circle	4	0.34	-1	0 	 2.656775309167359 	 3 	 1.0	3.0	0.0	0	-1	1	-1	-1.0	-999	-999	1.9268 	2.5303 	3.8019 	-999	2.663 	3.8389 	-999	-999	1.9125 	3.1248 	-999	-999	71
74	J16a	circle	8	0.11	-1	3 	 2.7794045483969514 	 2 	 1.0	7.0	6.0	2	-1	1	-1	-999	-999	0.0	1.715 	2.2191 	3.0615 	-999	2.066 	2.618 	3.8592 	-999	2.3744 	3.1749 	-999	-999	146
75	J16a	circle	8	0.2	1	0 	 2.717267373931395 	 2 	 1.0	5.0	0.0	2	1	-1	-1	-999	-999	1.0	2.3076 	3.2337 	-999	-999	1.8844 	2.8335 	-999	-999	2.663 	3.3659 	-999	-999	141
76	J16a	circle	4	0.36	1	3 	 2.5917668357083667 	 2 	 3.0	2.0	0.0	1	1	-1	-1	-999	0.0	-999	2.1234 	3.3384 	-999	-999	1.912 	2.9232 	-999	-999	2.061 	3.2952 	-999	-999	68
77	J16a	circle	4	0.77	-1	0 	 2.5502041064329504 	 3 	 1.0	3.0	2.0	2	-1	1	-1	-999	-999	-2.0	2.6391 	3.9534 	-999	-999	1.9969 	2.8202 	-999	-999	2.4351 	3.1976 	-999	-999	68
78	J16a	circle	4	0.62	1	3 	 2.2056491861908003 	 3 	 0.0	0.0	3.0	2	1	-1	-1	-999	-999	0.0	2.1256 	3.4114 	-999	-999	2.4859 	-999	-999	-999	2.1353 	3.4168 	-999	-999	58
79	J16a	circle	4	0.77	1	0 	 2.8317490914269725 	 3 	 2.0	3.0	3.0	0	1	-1	-1	2.0	-999	-999	2.335 	3.7477 	-999	-999	2.4697 	3.2977 	-999	-999	2.1212 	3.5465 	-999	-999	80
80	J16a	circle	4	0.21	1	3 	 2.7028610557384107 	 2 	 2.0	2.0	3.0	2	1	-1	-1	-999	-999	0.0	2.2418 	3.3015 	-999	-999	1.9817 	2.8091 	-999	-999	1.9964 	3.139 	-999	-999	78
81	J16a	circle	8	0.36	1	0 	 2.2158035674444667 	 3 	 6.0	2.0	3.0	1	1	-1	-1	-999	-1.0	-999	2.4302 	-999	-999	-999	2.3261 	-999	-999	-999	2.1631 	3.2021 	-999	-999	113
82	J16a	circle	8	0.2	-1	3 	 2.3343982304577553 	 2 	 1.0	6.0	0.0	1	-1	1	-1	-999	-0.0	-999	2.6541 	-999	-999	-999	1.8511 	2.5019 	-999	-999	1.9989 	3.4248 	-999	-999	116
83	J16a	circle	4	0.62	-1	3 	 2.210576548162997 	 3 	 2.0	1.0	3.0	0	-1	1	-1	-0.0	-999	-999	2.6041 	-999	-999	-999	2.6979 	-999	-999	-999	1.7261 	2.791 	-999	-999	50
84	J16a	circle	4	0.83	1	3 	 2.7303986237230786 	 2 	 1.0	0.0	3.0	1	1	-1	-1	-999	-0.0	-999	2.6361 	3.1422 	-999	-999	2.0537 	2.6283 	3.9754 	-999	2.5296 	3.7012 	-999	-999	62
85	J16a	circle	4	0.83	-1	0 	 2.813603155029789 	 2 	 1.0	1.0	3.0	0	-1	1	-1	2.0	-999	-999	2.4234 	3.5064 	-999	-999	2.1644 	3.1858 	-999	-999	1.7318 	2.6387 	3.9743 	-999	81
86	J16a	circle	4	0.36	-1	3 	 2.9232857014384868 	 2 	 0.0	2.0	1.0	0	-1	1	-1	0.0	-999	-999	2.1483 	3.632 	-999	-999	2.1063 	2.7579 	3.3815 	-999	2.5517 	3.0573 	-999	-999	77
87	J16a	circle	8	0.2	-1	3 	 2.3549765994063057 	 3 	 1.0	1.0	1.0	2	-1	1	-1	-999	-999	0.0	2.219 	2.7976 	-999	-999	2.1568 	3.6278 	-999	-999	2.0152 	3.2482 	-999	-999	121
88	J16a	circle	4	0.52	1	3 	 2.53536168564778 	 2 	 3.0	3.0	1.0	2	1	-1	-1	-999	-999	0.0	2.4573 	3.6244 	-999	-999	2.0958 	3.4012 	-999	-999	2.5109 	3.2222 	-999	-999	67
89	J16a	circle	8	0.45	1	3 	 2.858272421361305 	 2 	 3.0	6.0	7.0	1	1	-1	-1	-999	0.0	-999	2.0188 	2.6167 	4.0511 	-999	1.7834 	3.2059 	-999	-999	1.7195 	2.9449 	4.268 	-999	148
90	J16a	circle	8	0.11	1	3 	 2.4746746230663685 	 2 	 4.0	7.0	1.0	0	1	-1	-1	-0.0	-999	-999	2.1664 	2.6923 	-999	-999	2.404 	3.0376 	-999	-999	2.014 	3.0158 	-999	-999	128
91	J16a	circle	8	0.36	-1	0 	 2.6403583361277088 	 2 	 3.0	7.0	5.0	1	-1	1	-1	-999	-1.0	-999	2.4936 	3.4263 	-999	-999	2.1854 	3.0482 	-999	-999	1.8123 	3.075 	-999	-999	137
92	J16a	circle	8	0.36	1	0 	 2.9105903226205476 	 2 	 3.0	6.0	6.0	1	1	-1	-1	-999	1.0	-999	2.103 	3.3694 	-999	-999	2.5414 	3.79 	-999	-999	2.4924 	3.423 	-999	-999	151
93	J16a	circle	4	0.19	-1	3 	 2.434213518344982 	 3 	 0.0	0.0	2.0	1	-1	1	-1	-999	-0.0	-999	2.7 	-999	-999	-999	2.2131 	3.5868 	-999	-999	1.8102 	3.277 	-999	-999	59
94	J16a	circle	4	0.48	1	0 	 2.826610624183238 	 3 	 0.0	2.0	1.0	2	1	-1	-1	-999	-999	-1.0	1.8607 	2.8974 	3.4665 	-999	2.1804 	3.1988 	-999	-999	1.7617 	2.7315 	3.6289 	-999	78
95	J16a	circle	8	0.45	1	3 	 2.8104960706403 	 3 	 5.0	3.0	0.0	1	1	-1	-1	-999	0.0	-999	2.0419 	3.1086 	-999	-999	2.4436 	3.7176 	-999	-999	2.688 	3.3476 	-999	-999	146
96	J16a	circle	8	0.28	-1	0 	 2.9120441206875403 	 2 	 0.0	6.0	6.0	2	-1	1	-1	-999	-999	-1.0	1.9059 	3.1536 	-999	-999	2.4495 	3.8302 	-999	-999	1.7351 	2.8499 	4.0234 	-999	152
97	J16a	circle	4	0.48	-1	3 	 2.9277530063716886 	 3 	 3.0	2.0	3.0	1	-1	1	-1	-999	-0.0	-999	1.7977 	2.8822 	4.3002 	-999	2.4897 	3.5595 	-999	-999	2.5117 	3.6529 	-999	-999	74
98	J16a	circle	8	0.11	-1	3 	 2.9761362959610023 	 3 	 1.0	7.0	2.0	1	-1	1	-1	-999	-0.0	-999	1.7767 	3.1237 	-999	-999	2.31 	3.7791 	-999	-999	2.3227 	2.8727 	3.3837 	-999	155
99	J16a	circle	8	0.36	-1	3 	 2.4243913835510886 	 3 	 1.0	3.0	1.0	0	-1	1	-1	0.0	-999	-999	1.9765 	3.2099 	-999	-999	1.7755 	3.0196 	-999	-999	2.3462 	3.5319 	-999	-999	124
100	J16a	circle	4	0.68	-1	0 	 2.657545229050756 	 2 	 2.0	0.0	1.0	2	-1	1	-1	-999	-999	-1.0	2.3081 	3.1848 	-999	-999	2.1855 	2.8335 	-999	-999	1.7373 	3.114 	-999	-999	67
101	J16a	circle	4	0.34	-1	3 	 2.695372999721265 	 3 	 0.0	0.0	0.0	0	-1	1	-1	0.0	-999	-999	2.686 	3.4366 	-999	-999	2.1606 	3.0651 	-999	-999	2.1254 	2.649 	3.6045 	-999	63
102	J16a	circle	8	0.28	1	3 	 2.7849794937439833 	 3 	 2.0	1.0	2.0	1	1	-1	-1	-999	0.0	-999	2.3016 	3.3541 	-999	-999	2.2467 	2.859 	3.783 	-999	2.1473 	2.7296 	3.2806 	-999	144
103	J16a	circle	4	0.19	1	3 	 2.937435770921469 	 3 	 3.0	1.0	3.0	1	1	-1	-1	-999	0.0	-999	2.0584 	3.4222 	-999	-999	2.2803 	3.1274 	-999	-999	2.5614 	3.3468 	-999	-999	77
104	J16a	circle	4	0.34	1	3 	 2.970199023090113 	 3 	 1.0	2.0	3.0	2	1	-1	-1	-999	-999	0.0	2.3466 	2.9572 	4.2807 	-999	2.3227 	2.8374 	4.209 	-999	1.8618 	2.9744 	3.8792 	-999	73
105	J16a	circle	4	0.77	1	3 	 2.368804321340213 	 3 	 2.0	1.0	0.0	2	1	-1	-1	-999	-999	0.0	2.0387 	3.3404 	-999	-999	1.9269 	3.0218 	-999	-999	1.9157 	2.5178 	-999	-999	60
106	J16a	circle	8	0.45	-1	3 	 2.287785431774256 	 2 	 4.0	6.0	6.0	0	-1	1	-1	-0.0	-999	-999	2.6165 	-999	-999	-999	1.8719 	2.7193 	-999	-999	2.3962 	-999	-999	-999	116
107	J16a	circle	4	0.21	-1	3 	 2.514560370670556 	 2 	 2.0	2.0	2.0	2	-1	1	-1	-999	-999	0.0	2.6158 	-999	-999	-999	2.3627 	3.5399 	-999	-999	2.31 	3.3958 	-999	-999	64
108	J16a	circle	4	0.68	1	3 	 2.238480169531076 	 2 	 0.0	0.0	1.0	0	1	-1	-1	-0.0	-999	-999	2.0261 	2.5272 	-999	-999	2.5811 	-999	-999	-999	2.1359 	3.2027 	-999	-999	54
109	J16a	circle	8	0.45	-1	3 	 2.7252146466819394 	 3 	 6.0	6.0	0.0	0	-1	1	-1	0.0	-999	-999	1.8787 	2.7609 	3.6745 	-999	2.5557 	3.794 	-999	-999	1.8109 	3.2213 	-999	-999	140
110	J16a	circle	4	0.36	1	3 	 2.303056736015565 	 2 	 0.0	2.0	2.0	2	1	-1	-1	-999	-999	0.0	2.0379 	2.9178 	-999	-999	2.0111 	3.2478 	-999	-999	2.0366 	3.1198 	-999	-999	52
111	J16a	circle	8	0.2	1	3 	 2.2425271222729637 	 2 	 1.0	1.0	0.0	2	1	-1	-1	-999	-999	0.0	2.039 	3.0907 	-999	-999	1.709 	3.0383 	-999	-999	2.2197 	3.6468 	-999	-999	113
112	J16a	circle	8	0.2	1	3 	 2.4512401519961915 	 3 	 3.0	4.0	6.0	1	1	-1	-1	-999	-0.0	-999	1.7538 	2.9918 	-999	-999	2.6495 	-999	-999	-999	2.5453 	3.7524 	-999	-999	126
113	J16a	circle	4	0.77	-1	0 	 2.9475721601791465 	 3 	 0.0	0.0	2.0	1	-1	1	-1	-999	-1.0	-999	2.6207 	3.6669 	-999	-999	2.6363 	3.1547 	-999	-999	1.8249 	2.8946 	3.7444 	-999	71
114	J16a	circle	8	0.28	1	3 	 2.9634700011712853 	 2 	 6.0	6.0	6.0	0	1	-1	-1	-0.0	-999	-999	2.1096 	3.219 	-999	-999	2.5322 	3.928 	-999	-999	2.3197 	2.9583 	4.2142 	-999	152
115	J16a	circle	4	0.52	-1	0 	 2.273094855084879 	 2 	 0.0	3.0	1.0	0	-1	1	-1	-1.0	-999	-999	2.4931 	-999	-999	-999	2.1118 	2.8589 	-999	-999	2.1738 	3.4093 	-999	-999	56
116	J16a	circle	8	0.11	1	3 	 2.5466915587317955 	 3 	 3.0	4.0	7.0	1	1	-1	-1	-999	-0.0	-999	2.0752 	2.9373 	-999	-999	2.5352 	3.5785 	-999	-999	2.6002 	3.3439 	-999	-999	129
117	J16a	circle	8	0.11	-1	3 	 2.9103693234326737 	 2 	 7.0	7.0	7.0	0	-1	1	-1	0.0	-999	-999	2.3873 	3.107 	-999	-999	2.1962 	3.22 	-999	-999	2.4635 	3.15 	-999	-999	151
118	J16a	circle	4	0.62	1	0 	 2.6157370623996683 	 3 	 3.0	0.0	0.0	0	1	-1	-1	-1.0	-999	-999	1.8266 	3.1874 	-999	-999	2.6318 	3.4157 	-999	-999	2.0531 	2.9776 	-999	-999	64
119	J16a	circle	8	0.28	-1	3 	 2.8927599386684 	 3 	 4.0	6.0	0.0	0	-1	1	-1	0.0	-999	-999	1.8287 	3.2734 	-999	-999	2.1573 	3.0256 	-999	-999	2.0928 	2.6212 	3.3224 	-999	150
