trialnum	subject	basicShape	numObjects	speed	initialDirRing0	orderCorrect	trialDurTotal	numTargets	whichIsTargetEachRing0	whichIsTargetEachRing1	whichIsTargetEachRing2	ringToQuery	Direction0	Direction1	Direction2	respAdj0	respAdj1	respAdj2	rev0_0	rev0_1	rev0_2	rev0_3	rev1_0	rev1_1	rev1_2	rev1_3	rev2_0	rev2_1	rev2_2	rev2_3	timingBlips
0	J16b	circle	8	0.28	1	3 	 2.2656086096451684 	 2 	 0.0	5.0	-999.0	1	1	-1	-1	-999	0.0	-999	1.794 	2.931 	-999	-999	1.9611 	3.4205 	-999	-999	1.7784 	3.1826 	-999	-999	118
1	J16b	circle	8	0.36	1	3 	 2.9000283142385266 	 3 	 2.0	6.0	5.0	2	1	-1	-1	-999	-999	-0.0	2.3532 	3.8446 	-999	-999	2.2637 	3.4501 	-999	-999	2.0497 	2.8372 	3.5294 	-999	155
2	J16b	circle	4	0.36	1	3 	 2.3439235453902745 	 2 	 3.0	-999.0	3.0	2	1	-1	-1	-999	-999	0.0	2.0015 	3.296 	-999	-999	2.5591 	-999	-999	-999	1.9142 	2.8048 	-999	-999	63
3	J16b	circle	8	0.2	-1	3 	 2.453246918025442 	 2 	 0.0	-999.0	4.0	2	-1	1	-1	-999	-999	0.0	1.9005 	2.7394 	-999	-999	2.0481 	2.9102 	-999	-999	1.835 	2.6472 	-999	-999	131
4	J16b	circle	8	0.2	-1	0 	 2.993485311312794 	 3 	 6.0	3.0	3.0	0	-1	1	-1	2.0	-999	-999	2.1451 	3.0899 	3.5936 	-999	2.5767 	3.6328 	-999	-999	1.8457 	3.1228 	-999	-999	161
5	J16b	circle	8	0.2	1	3 	 2.763104002284704 	 3 	 0.0	2.0	5.0	1	1	-1	-1	-999	0.0	-999	2.3219 	3.0017 	-999	-999	2.5781 	3.3949 	-999	-999	2.1647 	2.9981 	-999	-999	148
6	J16b	circle	8	0.28	1	3 	 2.287302808046342 	 3 	 5.0	0.0	3.0	2	1	-1	-1	-999	-999	0.0	2.4316 	-999	-999	-999	1.9127 	3.1485 	-999	-999	1.7786 	2.5754 	-999	-999	120
7	J16b	circle	4	0.68	1	3 	 2.4995352927226153 	 2 	 3.0	2.0	-999.0	1	1	-1	-1	-999	-0.0	-999	2.5381 	3.3565 	-999	-999	2.6048 	-999	-999	-999	2.0627 	3.2035 	-999	-999	66
8	J16b	circle	8	0.36	-1	3 	 2.455357486373389 	 3 	 7.0	5.0	5.0	0	-1	1	-1	0.0	-999	-999	1.7148 	2.4546 	3.0235 	-999	2.5428 	3.1698 	-999	-999	2.6802 	-999	-999	-999	131
9	J16b	circle	4	0.19	1	3 	 2.8100521102381526 	 3 	 1.0	0.0	0.0	1	1	-1	-1	-999	0.0	-999	1.9141 	2.7376 	4.1279 	-999	2.2486 	3.0375 	-999	-999	2.6444 	4.0101 	-999	-999	79
10	J16b	circle	8	0.45	1	0 	 2.7426538407712155 	 2 	 7.0	4.0	-999.0	1	1	-1	-1	-999	-3.0	-999	2.6196 	3.7073 	-999	-999	2.2608 	2.9191 	-999	-999	2.1751 	2.876 	-999	-999	146
11	J16b	circle	8	0.36	1	3 	 2.881468200344898 	 2 	 0.0	-999.0	0.0	0	1	-1	-1	-0.0	-999	-999	2.0446 	3.39 	-999	-999	2.5115 	3.3736 	-999	-999	2.0761 	2.8799 	4.0019 	-999	154
12	J16b	circle	8	0.28	-1	3 	 2.321949588000109 	 2 	 5.0	5.0	0.0	2	-1	1	-1	-999	-999	-0.0	1.9909 	2.9147 	-999	-999	2.0529 	2.8746 	-999	-999	2.5136 	-999	-999	-999	123
13	J16b	circle	4	0.36	-1	3 	 2.58656582917379 	 2 	 3.0	0.0	2.0	2	-1	1	-1	-999	-999	0.0	1.7651 	2.3903 	3.5926 	-999	2.6331 	3.7581 	-999	-999	1.8801 	2.6522 	3.7361 	-999	68
14	J16b	circle	8	0.45	1	3 	 2.4801718539656616 	 3 	 7.0	4.0	6.0	2	1	-1	-1	-999	-999	0.0	2.1539 	2.9862 	-999	-999	2.68 	-999	-999	-999	2.184 	3.5603 	-999	-999	132
15	J16b	circle	4	0.52	1	0 	 2.42583129495121 	 2 	 -999.0	3.0	2.0	2	1	-1	-1	-999	-999	-2.0	2.5524 	-999	-999	-999	2.6129 	-999	-999	-999	2.4147 	3.8379 	-999	-999	67
16	J16b	circle	4	0.34	-1	3 	 2.95400990848743 	 3 	 0.0	0.0	2.0	2	-1	1	-1	-999	-999	0.0	1.9799 	2.8044 	3.9698 	-999	1.8032 	3.021 	3.8413 	-999	2.4244 	3.6052 	-999	-999	83
17	J16b	circle	8	0.45	-1	3 	 2.5291376762123456 	 2 	 7.0	5.0	1.0	2	-1	1	-1	-999	-999	-0.0	2.4102 	3.1094 	-999	-999	1.8859 	2.5042 	3.8025 	-999	1.9347 	2.4499 	3.0411 	-999	134
18	J16b	circle	4	0.77	1	3 	 2.769407034567427 	 3 	 2.0	3.0	2.0	1	1	-1	-1	-999	0.0	-999	1.8869 	3.2579 	-999	-999	2.1067 	3.4684 	-999	-999	1.9963 	3.0905 	-999	-999	76
19	J16b	circle	8	0.11	-1	3 	 2.613018670448439 	 3 	 1.0	3.0	4.0	0	-1	1	-1	-0.0	-999	-999	1.8059 	2.408 	3.3722 	-999	2.203 	3.1126 	-999	-999	2.3993 	3.1393 	-999	-999	138
20	J16b	circle	4	0.21	-1	3 	 2.5633387038191544 	 2 	 3.0	1.0	-999.0	0	-1	1	-1	0.0	-999	-999	1.8926 	3.3682 	-999	-999	1.7769 	2.6401 	3.5298 	-999	2.292 	3.6488 	-999	-999	69
21	J16b	circle	8	0.2	1	3 	 2.327722699844913 	 2 	 1.0	0.0	4.0	0	1	-1	-1	0.0	-999	-999	2.4406 	-999	-999	-999	2.1046 	3.2469 	-999	-999	2.09 	2.6543 	-999	-999	123
22	J16b	circle	4	0.83	-1	3 	 2.9227264348476503 	 2 	 3.0	3.0	-999.0	1	-1	1	-1	-999	0.0	-999	2.4849 	3.1479 	-999	-999	2.2765 	2.8501 	3.3626 	-999	1.9013 	2.4118 	3.8711 	-999	82
23	J16b	circle	8	0.11	1	3 	 2.4591730164987977 	 3 	 7.0	2.0	7.0	0	1	-1	-1	-0.0	-999	-999	1.929 	3.1768 	-999	-999	1.7723 	2.3181 	3.4038 	-999	2.4404 	3.8659 	-999	-999	129
24	J16b	circle	4	0.83	1	3 	 2.7854040754906992 	 2 	 2.0	3.0	-999.0	1	1	-1	-1	-999	0.0	-999	1.7682 	2.539 	3.8133 	-999	2.2099 	3.2235 	-999	-999	1.8448 	2.9082 	-999	-999	79
25	J16b	circle	8	0.45	-1	3 	 2.999065127264805 	 3 	 4.0	4.0	2.0	1	-1	1	-1	-999	-0.0	-999	2.6615 	4.061 	-999	-999	2.5872 	3.2928 	-999	-999	1.8281 	2.7723 	4.0527 	-999	160
26	J16b	circle	4	0.21	1	3 	 2.226353344668459 	 2 	 3.0	1.0	1.0	1	1	-1	-1	-999	-0.0	-999	2.4152 	-999	-999	-999	2.5394 	-999	-999	-999	2.2843 	2.9787 	-999	-999	63
27	J16b	circle	8	0.11	1	3 	 2.331860280579991 	 2 	 -999.0	3.0	6.0	1	1	-1	-1	-999	-0.0	-999	2.1822 	2.9419 	-999	-999	2.3395 	2.9904 	-999	-999	2.0381 	2.6283 	-999	-999	122
28	J16b	circle	4	0.48	-1	0 	 2.483176735509349 	 3 	 2.0	1.0	3.0	2	-1	1	-1	-999	-999	1.0	2.4279 	3.604 	-999	-999	2.6827 	-999	-999	-999	2.1817 	2.78 	-999	-999	72
29	J16b	circle	4	0.62	1	0 	 2.6500088623551807 	 3 	 2.0	1.0	2.0	1	1	-1	-1	-999	-1.0	-999	2.3124 	3.6278 	-999	-999	2.3516 	3.8184 	-999	-999	2.6096 	3.8345 	-999	-999	70
30	J16b	circle	8	0.36	-1	3 	 2.5046831396533005 	 2 	 0.0	0.0	6.0	1	-1	1	-1	-999	-0.0	-999	1.8122 	2.5442 	3.3232 	-999	2.4869 	3.4207 	-999	-999	2.5877 	3.2905 	-999	-999	130
31	J16b	circle	4	0.68	-1	0 	 2.5718854376014226 	 2 	 1.0	2.0	1.0	0	-1	1	-1	-1.0	-999	-999	1.8649 	3.0838 	-999	-999	2.094 	2.7848 	-999	-999	2.0097 	3.4206 	-999	-999	69
32	J16b	circle	4	0.19	-1	3 	 2.764474331609663 	 3 	 2.0	0.0	1.0	2	-1	1	-1	-999	-999	0.0	2.6839 	4.0098 	-999	-999	1.9124 	2.5179 	3.1558 	-999	2.0477 	3.278 	-999	-999	74
33	J16b	circle	4	0.52	-1	3 	 2.4097883176070267 	 2 	 -999.0	1.0	0.0	1	-1	1	-1	-999	-0.0	-999	1.7267 	3.177 	-999	-999	2.21 	3.1291 	-999	-999	2.1093 	3.2437 	-999	-999	65
34	J16b	circle	8	0.28	-1	3 	 2.519089959069328 	 3 	 5.0	5.0	5.0	2	-1	1	-1	-999	-999	0.0	2.1777 	2.7371 	-999	-999	2.0039 	3.0112 	-999	-999	2.1252 	2.8031 	-999	-999	133
35	J16b	circle	8	0.11	-1	3 	 2.6903937273412843 	 2 	 1.0	0.0	6.0	1	-1	1	-1	-999	-0.0	-999	1.8617 	3.1315 	-999	-999	2.4819 	3.7466 	-999	-999	1.9048 	3.148 	-999	-999	144
36	J16b	circle	4	0.62	-1	0 	 2.3242025992769 	 3 	 1.0	3.0	0.0	1	-1	1	-1	-999	-1.0	-999	2.6149 	-999	-999	-999	2.6157 	-999	-999	-999	2.6333 	-999	-999	-999	62
37	J16b	circle	4	0.34	1	3 	 2.424842312975225 	 3 	 2.0	2.0	2.0	0	1	-1	-1	0.0	-999	-999	2.6066 	-999	-999	-999	2.1941 	3.4141 	-999	-999	2.6624 	-999	-999	-999	65
38	J16b	circle	4	0.48	1	3 	 2.6580316515263283 	 3 	 1.0	3.0	1.0	2	1	-1	-1	-999	-999	0.0	2.6404 	4.1316 	-999	-999	2.6307 	3.7982 	-999	-999	2.5055 	3.93 	-999	-999	75
39	J16b	circle	4	0.77	-1	3 	 2.736297870075866 	 3 	 1.0	3.0	1.0	1	-1	1	-1	-999	-0.0	-999	2.3759 	3.7765 	-999	-999	2.5222 	3.7735 	-999	-999	1.7058 	2.3285 	3.3036 	-999	73
40	J16b	circle	8	0.36	1	0 	 2.610209954721346 	 2 	 2.0	2.0	6.0	1	1	-1	-1	-999	2.0	-999	1.858 	2.8313 	-999	-999	2.5817 	3.5959 	-999	-999	1.7712 	2.7568 	-999	-999	136
41	J16b	circle	4	0.34	1	3 	 2.4032866794444043 	 3 	 0.0	1.0	2.0	0	1	-1	-1	0.0	-999	-999	2.4689 	3.2175 	-999	-999	2.6639 	-999	-999	-999	2.4333 	3.0886 	-999	-999	69
42	J16b	circle	8	0.45	-1	3 	 2.2006794584688727 	 3 	 1.0	0.0	2.0	1	-1	1	-1	-999	-0.0	-999	1.7095 	2.9902 	-999	-999	2.0658 	2.8671 	-999	-999	2.286 	3.3343 	-999	-999	111
43	J16b	circle	4	0.21	-1	3 	 2.723714557590178 	 2 	 2.0	3.0	1.0	0	-1	1	-1	0.0	-999	-999	1.7266 	3.1421 	-999	-999	2.0425 	3.1881 	-999	-999	2.0052 	3.3377 	-999	-999	72
44	J16b	circle	4	0.36	-1	3 	 2.6824449937325623 	 2 	 3.0	3.0	3.0	1	-1	1	-1	-999	-0.0	-999	2.1522 	3.3566 	-999	-999	2.5799 	3.1972 	-999	-999	1.9388 	2.5014 	3.5522 	-999	72
45	J16b	circle	4	0.52	-1	3 	 2.2661710506603097 	 2 	 0.0	1.0	3.0	0	-1	1	-1	-0.0	-999	-999	2.5334 	-999	-999	-999	2.2059 	3.0033 	-999	-999	2.1032 	3.2061 	-999	-999	64
46	J16b	circle	8	0.2	1	3 	 2.209265004163819 	 3 	 7.0	0.0	4.0	2	1	-1	-1	-999	-999	-0.0	1.7544 	3.1779 	-999	-999	2.2019 	2.747 	-999	-999	2.5694 	-999	-999	-999	115
47	J16b	circle	8	0.36	-1	3 	 2.397715955422325 	 3 	 7.0	5.0	6.0	1	-1	1	-1	-999	-0.0	-999	1.987 	3.3561 	-999	-999	1.9012 	2.6866 	-999	-999	2.2788 	3.164 	-999	-999	124
48	J16b	circle	8	0.11	-1	3 	 2.342536966975325 	 3 	 3.0	1.0	0.0	1	-1	1	-1	-999	-0.0	-999	2.3269 	3.6442 	-999	-999	1.7474 	3.1237 	-999	-999	2.0169 	3.3762 	-999	-999	121
49	J16b	circle	4	0.36	1	3 	 2.8836784874998007 	 2 	 3.0	1.0	3.0	1	1	-1	-1	-999	-0.0	-999	1.9702 	2.7579 	3.466 	-999	2.0198 	2.8757 	3.6111 	-999	2.4962 	3.7415 	-999	-999	77
50	J16b	circle	8	0.11	-1	3 	 2.409350493120598 	 2 	 5.0	0.0	6.0	0	-1	1	-1	0.0	-999	-999	1.8787 	2.7395 	-999	-999	2.2848 	2.9865 	-999	-999	2.5677 	-999	-999	-999	126
51	J16b	circle	4	0.48	1	3 	 2.60800540040567 	 3 	 0.0	2.0	1.0	1	1	-1	-1	-999	0.0	-999	2.548 	3.7644 	-999	-999	1.7655 	3.2496 	-999	-999	1.7605 	2.4544 	3.6241 	-999	64
52	J16b	circle	8	0.28	-1	3 	 2.6913139728591884 	 2 	 5.0	2.0	7.0	1	-1	1	-1	-999	-0.0	-999	1.8047 	2.4763 	3.3873 	-999	1.9531 	2.8392 	-999	-999	2.5406 	3.2045 	-999	-999	137
53	J16b	circle	4	0.52	1	0 	 2.894799157309791 	 2 	 2.0	1.0	3.0	1	1	-1	-1	-999	-1.0	-999	1.8648 	2.9891 	4.2812 	-999	2.5207 	3.63 	-999	-999	2.54 	3.6989 	-999	-999	73
54	J16b	circle	8	0.2	1	3 	 2.4479604474389958 	 2 	 1.0	1.0	4.0	1	1	-1	-1	-999	0.0	-999	2.5582 	-999	-999	-999	1.8029 	2.571 	-999	-999	2.3011 	3.777 	-999	-999	127
55	J16b	circle	4	0.68	-1	3 	 2.612690395192062 	 2 	 2.0	1.0	1.0	0	-1	1	-1	0.0	-999	-999	2.1897 	2.9866 	-999	-999	2.0877 	3.4483 	-999	-999	2.247 	2.8198 	-999	-999	71
56	J16b	circle	8	0.45	1	0 	 2.3428147603556764 	 3 	 1.0	2.0	1.0	0	1	-1	-1	1.0	-999	-999	2.1474 	3.2257 	-999	-999	2.3867 	3.6258 	-999	-999	2.2929 	3.7866 	-999	-999	121
57	J16b	circle	8	0.2	-1	3 	 2.294684097025659 	 2 	 1.0	2.0	2.0	2	-1	1	-1	-999	-999	-0.0	1.9031 	2.7725 	-999	-999	2.6387 	-999	-999	-999	2.467 	-999	-999	-999	117
58	J16b	circle	4	0.77	-1	0 	 2.598864934170588 	 3 	 0.0	1.0	2.0	1	-1	1	-1	-999	1.0	-999	2.4668 	3.4324 	-999	-999	1.8888 	2.706 	-999	-999	2.1127 	3.5217 	-999	-999	70
59	J16b	circle	4	0.48	-1	3 	 2.2573056418923287 	 3 	 2.0	2.0	1.0	0	-1	1	-1	0.0	-999	-999	1.7765 	2.8065 	-999	-999	2.2431 	3.7251 	-999	-999	2.2234 	3.1275 	-999	-999	59
60	J16b	circle	4	0.34	-1	3 	 2.5054465484747306 	 3 	 2.0	1.0	1.0	0	-1	1	-1	0.0	-999	-999	2.2245 	3.0325 	-999	-999	2.4409 	3.404 	-999	-999	2.0466 	3.1009 	-999	-999	65
61	J16b	circle	4	0.21	1	3 	 2.379758247975855 	 2 	 1.0	0.0	1.0	1	1	-1	-1	-999	0.0	-999	2.4059 	3.8359 	-999	-999	2.2553 	3.7472 	-999	-999	2.4687 	3.3423 	-999	-999	61
62	J16b	circle	4	0.62	1	3 	 2.5105716804204907 	 3 	 2.0	2.0	1.0	0	1	-1	-1	-0.0	-999	-999	2.205 	2.8596 	-999	-999	2.5885 	3.68 	-999	-999	2.1676 	3.5473 	-999	-999	67
63	J16b	circle	8	0.11	1	3 	 2.376166154145862 	 3 	 2.0	1.0	3.0	1	1	-1	-1	-999	0.0	-999	2.4337 	3.8711 	-999	-999	1.9394 	2.7265 	-999	-999	2.036 	3.3907 	-999	-999	124
64	J16b	circle	8	0.2	-1	3 	 2.5908550178665166 	 3 	 6.0	4.0	1.0	2	-1	1	-1	-999	-999	-0.0	1.8572 	3.2234 	-999	-999	2.4274 	3.5587 	-999	-999	2.6687 	3.9466 	-999	-999	137
65	J16b	circle	4	0.77	1	3 	 2.85154664489193 	 3 	 1.0	2.0	3.0	0	1	-1	-1	0.0	-999	-999	2.006 	2.607 	3.3404 	-999	2.0944 	3.1419 	-999	-999	1.7867 	3.0639 	-999	-999	74
66	J16b	circle	4	0.68	1	3 	 2.963841686054022 	 2 	 2.0	2.0	2.0	1	1	-1	-1	-999	-0.0	-999	1.9409 	2.9294 	3.9126 	-999	1.8854 	2.5611 	3.2632 	-999	2.3163 	3.6014 	-999	-999	82
67	J16b	circle	4	0.19	-1	3 	 2.938859483500192 	 3 	 0.0	0.0	3.0	2	-1	1	-1	-999	-999	0.0	2.6466 	3.8338 	-999	-999	2.3102 	3.7861 	-999	-999	2.4614 	3.5235 	-999	-999	82
68	J16b	circle	4	0.83	1	3 	 2.289058582213729 	 2 	 2.0	2.0	2.0	2	1	-1	-1	-999	-999	-0.0	1.7233 	2.8558 	-999	-999	2.6114 	-999	-999	-999	2.4544 	-999	-999	-999	66
69	J16b	circle	4	0.83	-1	3 	 2.374519847216567 	 2 	 1.0	2.0	2.0	0	-1	1	-1	-0.0	-999	-999	2.4557 	3.4657 	-999	-999	2.1712 	3.2027 	-999	-999	2.6876 	-999	-999	-999	60
70	J16b	circle	8	0.36	-1	0 	 2.9660704121886505 	 2 	 2.0	3.0	2.0	2	-1	1	-1	-999	-999	4.0	2.5145 	3.8208 	-999	-999	2.4958 	3.6781 	-999	-999	2.4882 	3.8103 	-999	-999	157
71	J16b	circle	8	0.28	1	3 	 2.8456836937806167 	 2 	 5.0	5.0	2.0	2	1	-1	-1	-999	-999	0.0	1.7669 	2.4532 	3.4411 	-999	1.9496 	2.884 	4.0852 	-999	2.3924 	3.5306 	-999	-999	148
72	J16b	circle	4	0.62	-1	3 	 2.9631570457325314 	 3 	 3.0	3.0	3.0	0	-1	1	-1	-0.0	-999	-999	1.7148 	2.4518 	3.7193 	-999	2.3338 	3.2856 	-999	-999	1.8948 	2.718 	4.1844 	-999	80
73	J16b	circle	8	0.45	1	3 	 2.70623347706771 	 2 	 7.0	5.0	5.0	0	1	-1	-1	0.0	-999	-999	1.9255 	2.6561 	4.0494 	-999	2.2291 	3.3977 	-999	-999	1.8396 	2.7991 	3.4307 	-999	141
74	J16b	circle	8	0.28	-1	3 	 2.545457978498886 	 3 	 2.0	5.0	1.0	1	-1	1	-1	-999	0.0	-999	2.4488 	3.3741 	-999	-999	1.8246 	2.483 	3.1514 	-999	2.1938 	3.3519 	-999	-999	133
75	J16b	circle	8	0.45	-1	3 	 2.871507484406977 	 2 	 0.0	3.0	5.0	1	-1	1	-1	-999	0.0	-999	2.5394 	3.8246 	-999	-999	1.917 	2.5319 	3.4866 	-999	2.0303 	3.3339 	-999	-999	150
76	J16b	circle	4	0.19	1	3 	 2.9474491669126506 	 3 	 1.0	1.0	0.0	2	1	-1	-1	-999	-999	0.0	1.9082 	2.8509 	4.0402 	-999	1.7558 	3.0969 	-999	-999	2.3707 	3.7915 	-999	-999	78
77	J16b	circle	8	0.28	1	3 	 2.3997665987132395 	 3 	 1.0	6.0	5.0	1	1	-1	-1	-999	0.0	-999	2.0333 	3.0558 	-999	-999	1.8662 	3.1225 	-999	-999	2.1279 	3.0256 	-999	-999	124
78	J16b	circle	8	0.11	1	3 	 2.7601516537849298 	 2 	 7.0	7.0	6.0	1	1	-1	-1	-999	-0.0	-999	1.9428 	2.6048 	4.0173 	-999	1.739 	2.374 	3.6959 	-999	2.2496 	3.5269 	-999	-999	145
79	J16b	circle	8	0.36	1	3 	 2.230590276236059 	 3 	 3.0	3.0	2.0	0	1	-1	-1	0.0	-999	-999	2.3007 	2.9162 	-999	-999	2.0102 	3.1148 	-999	-999	2.5226 	-999	-999	-999	116
80	J16b	circle	4	0.77	1	0 	 2.8320166251842327 	 3 	 2.0	0.0	2.0	0	1	-1	-1	2.0	-999	-999	2.6895 	3.4119 	-999	-999	2.5127 	3.8808 	-999	-999	2.4752 	3.7487 	-999	-999	78
81	J16b	circle	4	0.48	-1	3 	 2.426783692839014 	 3 	 2.0	0.0	1.0	0	-1	1	-1	0.0	-999	-999	2.2506 	2.7996 	-999	-999	1.8545 	2.5995 	-999	-999	1.9734 	2.7262 	-999	-999	67
82	J16b	circle	4	0.52	-1	0 	 2.8606664471711847 	 2 	 2.0	0.0	0.0	2	-1	1	-1	-999	-999	1.0	2.4516 	3.3702 	-999	-999	1.8832 	2.8139 	4.2126 	-999	2.5806 	3.5428 	-999	-999	80
83	J16b	circle	4	0.19	1	3 	 2.24875504793215 	 3 	 3.0	3.0	0.0	2	1	-1	-1	-999	-999	0.0	2.2066 	2.8737 	-999	-999	1.8462 	2.4301 	-999	-999	2.0705 	3.5108 	-999	-999	61
84	J16b	circle	8	0.45	-1	0 	 2.7031959589972434 	 2 	 0.0	5.0	1.0	2	-1	1	-1	-999	-999	1.0	1.9276 	3.1426 	-999	-999	2.1001 	3.1643 	-999	-999	2.4987 	3.1219 	-999	-999	142
85	J16b	circle	8	0.45	1	3 	 2.2023978266201922 	 3 	 6.0	6.0	1.0	1	1	-1	-1	-999	-0.0	-999	1.7061 	2.2405 	3.4349 	-999	2.6381 	-999	-999	-999	1.8866 	3.0244 	-999	-999	113
86	J16b	circle	4	0.77	-1	3 	 2.3762481708882772 	 3 	 2.0	1.0	0.0	0	-1	1	-1	0.0	-999	-999	2.1378 	2.7436 	-999	-999	1.801 	2.6995 	-999	-999	1.7536 	2.2611 	3.4174 	-999	60
87	J16b	circle	4	0.36	1	3 	 2.812850188679941 	 2 	 0.0	3.0	3.0	0	1	-1	-1	-0.0	-999	-999	2.3613 	3.1463 	-999	-999	1.9249 	3.2078 	-999	-999	2.6102 	3.9384 	-999	-999	73
88	J16b	circle	4	0.19	-1	3 	 2.318447444501474 	 3 	 1.0	0.0	2.0	2	-1	1	-1	-999	-999	-0.0	2.3658 	3.4962 	-999	-999	1.82 	3.2077 	-999	-999	2.6082 	-999	-999	-999	66
89	J16b	circle	4	0.68	1	0 	 2.901322806001356 	 2 	 2.0	3.0	0.0	1	1	-1	-1	-999	1.0	-999	1.7768 	2.8231 	4.1964 	-999	1.9917 	3.1741 	-999	-999	2.6026 	3.3395 	-999	-999	79
90	J16b	circle	4	0.36	-1	0 	 2.9329575634664824 	 2 	 2.0	3.0	0.0	2	-1	1	-1	-999	-999	1.0	1.7091 	2.5933 	3.9458 	-999	2.26 	3.5989 	-999	-999	2.1175 	3.3175 	-999	-999	73
91	J16b	circle	8	0.45	1	0 	 2.597166985931594 	 2 	 0.0	7.0	1.0	2	1	-1	-1	-999	-999	1.0	2.6826 	4.077 	-999	-999	1.8743 	2.8326 	-999	-999	1.7797 	2.6134 	3.3282 	-999	134
92	J16b	circle	8	0.11	-1	3 	 2.232274696193426 	 3 	 5.0	7.0	2.0	1	-1	1	-1	-999	0.0	-999	2.4073 	-999	-999	-999	2.4625 	-999	-999	-999	2.087 	3.3028 	-999	-999	114
93	J16b	circle	8	0.28	-1	3 	 2.29553130597502 	 3 	 7.0	2.0	3.0	0	-1	1	-1	0.0	-999	-999	1.878 	2.6186 	-999	-999	2.3583 	3.1234 	-999	-999	2.4714 	-999	-999	-999	119
94	J16b	circle	4	0.21	-1	3 	 2.8424727598060526 	 2 	 1.0	1.0	1.0	2	-1	1	-1	-999	-999	-0.0	1.8867 	2.4097 	3.4659 	-999	1.7307 	2.413 	3.8965 	-999	1.9039 	2.7062 	4.1472 	-999	76
95	J16b	circle	4	0.34	-1	3 	 2.2512676679476735 	 3 	 2.0	0.0	0.0	1	-1	1	-1	-999	0.0	-999	2.6855 	-999	-999	-999	2.4973 	-999	-999	-999	1.8722 	2.6999 	-999	-999	60
96	J16b	circle	4	0.48	1	0 	 2.326084522579575 	 3 	 2.0	2.0	2.0	1	1	-1	-1	-999	-1.0	-999	1.9325 	3.0528 	-999	-999	2.2403 	2.882 	-999	-999	2.2289 	3.4386 	-999	-999	61
97	J16b	circle	8	0.28	1	3 	 2.5562538608220766 	 3 	 0.0	4.0	1.0	0	1	-1	-1	-0.0	-999	-999	1.7901 	2.8298 	-999	-999	2.3463 	3.7559 	-999	-999	2.5382 	3.1118 	-999	-999	132
98	J16b	circle	4	0.62	-1	0 	 2.6539922160112717 	 3 	 1.0	2.0	1.0	1	-1	1	-1	-999	-1.0	-999	2.1159 	3.2871 	-999	-999	1.7782 	2.5978 	3.7222 	-999	1.9488 	3.3954 	-999	-999	70
99	J16b	circle	4	0.68	-1	3 	 2.2680543134228626 	 2 	 2.0	0.0	0.0	1	-1	1	-1	-999	-0.0	-999	1.8145 	3.268 	-999	-999	1.7369 	2.2968 	3.4341 	-999	2.4469 	-999	-999	-999	56
100	J16b	circle	4	0.21	1	3 	 2.447731396995247 	 2 	 0.0	1.0	2.0	2	1	-1	-1	-999	-999	0.0	2.0494 	2.7611 	-999	-999	1.7321 	2.4998 	3.3653 	-999	1.9958 	2.6483 	-999	-999	66
101	J16b	circle	8	0.28	-1	3 	 2.580464661827583 	 2 	 0.0	5.0	1.0	0	-1	1	-1	0.0	-999	-999	2.2883 	3.6482 	-999	-999	2.3496 	3.8331 	-999	-999	2.0745 	2.984 	-999	-999	132
102	J16b	circle	8	0.36	-1	0 	 2.8336907263492703 	 3 	 7.0	2.0	1.0	1	-1	1	-1	-999	1.0	-999	1.7908 	2.3349 	2.86 	3.5817 	2.5042 	3.8694 	-999	-999	1.736 	2.9139 	3.8302 	-999	149
103	J16b	circle	8	0.11	1	3 	 2.9409687950615884 	 3 	 6.0	2.0	6.0	2	1	-1	-1	-999	-999	0.0	1.796 	2.7806 	3.6562 	-999	2.4937 	3.7602 	-999	-999	2.5892 	3.4314 	-999	-999	153
104	J16b	circle	8	0.11	-1	3 	 2.6300598198495613 	 2 	 7.0	6.0	4.0	2	-1	1	-1	-999	-999	0.0	2.1487 	2.9532 	-999	-999	1.955 	2.7362 	-999	-999	2.2537 	3.2286 	-999	-999	136
105	J16b	circle	8	0.36	1	3 	 2.4601722321989934 	 2 	 5.0	4.0	2.0	1	1	-1	-1	-999	0.0	-999	2.1689 	3.3316 	-999	-999	2.2637 	2.9724 	-999	-999	1.9316 	3.0507 	-999	-999	125
106	J16b	circle	8	0.2	1	3 	 2.216079850456359 	 3 	 6.0	5.0	1.0	2	1	-1	-1	-999	-999	0.0	2.2054 	3.511 	-999	-999	1.8318 	2.9111 	-999	-999	1.9074 	3.1361 	-999	-999	112
107	J16b	circle	4	0.83	1	0 	 2.7209899837956697 	 2 	 1.0	3.0	2.0	1	1	-1	-1	-999	1.0	-999	2.1302 	3.4758 	-999	-999	2.5128 	3.6625 	-999	-999	2.0836 	2.8688 	-999	-999	68
108	J16b	circle	8	0.2	-1	3 	 2.766226556736891 	 3 	 2.0	0.0	2.0	1	-1	1	-1	-999	-0.0	-999	2.3087 	3.2746 	-999	-999	2.2506 	2.9123 	-999	-999	2.4635 	3.2794 	-999	-999	138
109	J16b	circle	8	0.11	1	3 	 2.4752059350234368 	 2 	 7.0	6.0	3.0	0	1	-1	-1	-0.0	-999	-999	2.4589 	3.8372 	-999	-999	1.771 	2.5529 	3.4448 	-999	2.0743 	2.7264 	-999	-999	127
110	J16b	circle	8	0.2	-1	3 	 2.9814903997673112 	 2 	 1.0	2.0	2.0	2	-1	1	-1	-999	-999	-0.0	2.2202 	3.3698 	-999	-999	2.3609 	3.7623 	-999	-999	2.0344 	2.8171 	3.7208 	-999	155
111	J16b	circle	8	0.45	-1	3 	 2.616243853318955 	 3 	 7.0	6.0	1.0	2	-1	1	-1	-999	-999	-0.0	1.9151 	2.7266 	-999	-999	1.7315 	3.0529 	-999	-999	1.9823 	2.5643 	3.8176 	-999	137
112	J16b	circle	4	0.83	-1	0 	 2.935943815189603 	 2 	 3.0	3.0	0.0	0	-1	1	-1	-1.0	-999	-999	2.5269 	3.1889 	-999	-999	1.8936 	2.9609 	3.7914 	-999	2.06 	3.2843 	-999	-999	76
113	J16b	circle	8	0.36	-1	3 	 2.996519413152664 	 2 	 1.0	4.0	2.0	0	-1	1	-1	0.0	-999	-999	2.5617 	3.1208 	-999	-999	2.2968 	3.3211 	-999	-999	2.2614 	3.3996 	-999	-999	155
114	J16b	circle	4	0.34	1	0 	 2.4420941646226266 	 3 	 0.0	0.0	1.0	2	1	-1	-1	-999	-999	1.0	1.8711 	3.3365 	-999	-999	2.4678 	3.8849 	-999	-999	2.217 	3.1551 	-999	-999	63
115	J16b	circle	4	0.52	1	3 	 2.606528572092669 	 2 	 3.0	0.0	0.0	0	1	-1	-1	-0.0	-999	-999	2.2788 	3.268 	-999	-999	1.756 	2.6842 	3.9047 	-999	2.4094 	3.4981 	-999	-999	68
116	J16b	circle	4	0.62	1	3 	 2.3472126572441234 	 3 	 1.0	1.0	1.0	0	1	-1	-1	0.0	-999	-999	2.4813 	-999	-999	-999	2.1152 	2.6264 	-999	-999	2.3293 	3.7833 	-999	-999	59
117	J16b	circle	8	0.28	1	3 	 2.4521736133323353 	 2 	 7.0	3.0	1.0	0	1	-1	-1	-0.0	-999	-999	2.3847 	3.423 	-999	-999	2.2663 	3.3888 	-999	-999	2.0588 	2.7991 	-999	-999	125
118	J16b	circle	8	0.2	1	3 	 2.6922185835540517 	 2 	 1.0	0.0	4.0	2	1	-1	-1	-999	-999	0.0	1.9545 	3.2405 	-999	-999	2.4563 	3.3199 	-999	-999	2.1659 	3.3707 	-999	-999	140
119	J16b	circle	8	0.36	1	3 	 2.919282078837504 	 3 	 0.0	6.0	6.0	1	1	-1	-1	-999	-0.0	-999	2.171 	2.7031 	3.7981 	-999	1.7063 	2.5229 	3.5958 	-999	2.3644 	3.1123 	-999	-999	150
