trialnum	subject	basicShape	numObjects	speed	initialDirRing0	orderCorrect	trialDurTotal	numTargets	whichIsTargetEachRing0	whichIsTargetEachRing1	whichIsTargetEachRing2	ringToQuery	Direction0	Direction1	Direction2	respAdj0	respAdj1	respAdj2	rev0_0	rev0_1	rev0_2	rev0_3	rev1_0	rev1_1	rev1_2	rev1_3	rev2_0	rev2_1	rev2_2	rev2_3	timingBlips
0	J16c	circle	8	0.11	-1	0 	 2.798134615030518 	 2 	 6.0	3.0	-999.0	1	-1	1	-1	-999	-1.0	-999	2.6499 	3.8975 	-999	-999	2.5386 	3.2723 	-999	-999	1.9716 	2.6785 	4.1601 	-999	144
1	J16c	circle	4	0.19	-1	0 	 2.4857140449903725 	 3 	 3.0	1.0	1.0	0	-1	1	-1	-2.0	-999	-999	2.4057 	3.3977 	-999	-999	2.1592 	3.3561 	-999	-999	2.3706 	3.1813 	-999	-999	77
2	J16c	circle	4	0.34	-1	0 	 2.5501491174334237 	 3 	 0.0	2.0	2.0	0	-1	1	-1	-1.0	-999	-999	2.3174 	3.5819 	-999	-999	2.243 	3.6213 	-999	-999	2.6657 	-999	-999	-999	81
3	J16c	circle	4	0.52	-1	3 	 2.2145139168662666 	 2 	 -999.0	3.0	3.0	1	-1	1	-1	-999	-0.0	-999	1.8378 	2.8181 	-999	-999	1.7766 	3.0375 	-999	-999	1.7942 	2.9253 	-999	-999	77
4	J16c	circle	4	0.36	1	3 	 2.2269898282790455 	 2 	 2.0	0.0	-999.0	0	1	-1	-1	-0.0	-999	-999	1.9678 	2.6823 	-999	-999	2.2647 	2.9928 	-999	-999	2.1681 	2.9202 	-999	-999	73
5	J16c	circle	8	0.36	1	0 	 2.7231681791043396 	 2 	 2.0	7.0	-999.0	0	1	-1	-1	1.0	-999	-999	2.4656 	3.4998 	-999	-999	2.0798 	2.9707 	-999	-999	2.2638 	3.4226 	-999	-999	146
6	J16c	circle	4	0.34	1	3 	 2.5599633714438066 	 3 	 1.0	2.0	3.0	2	1	-1	-1	-999	-999	-0.0	2.2214 	3.4552 	-999	-999	2.2257 	3.2923 	-999	-999	1.7725 	2.275 	2.789 	-999	84
7	J16c	circle	8	0.11	-1	3 	 2.648394175887026 	 3 	 6.0	2.0	3.0	2	-1	1	-1	-999	-999	0.0	2.3202 	3.4607 	-999	-999	2.3462 	2.9341 	-999	-999	1.9783 	2.8758 	-999	-999	143
8	J16c	circle	4	0.68	-1	0 	 2.640727216660931 	 2 	 2.0	-999.0	1.0	0	-1	1	-1	1.0	-999	-999	2.594 	4.0406 	-999	-999	1.8388 	2.9957 	-999	-999	1.9289 	2.6697 	4.1387 	-999	82
9	J16c	circle	8	0.45	-1	0 	 2.42749634793759 	 2 	 7.0	-999.0	2.0	2	-1	1	-1	-999	-999	1.0	1.705 	2.9927 	-999	-999	2.0245 	3.1982 	-999	-999	2.0422 	2.5716 	-999	-999	129
10	J16c	circle	4	0.21	1	0 	 2.571117855184983 	 2 	 0.0	-999.0	0.0	0	1	-1	-1	2.0	-999	-999	1.8706 	2.397 	3.1601 	-999	1.8742 	3.0674 	-999	-999	1.9496 	2.5369 	3.6888 	-999	78
11	J16c	circle	4	0.62	-1	3 	 2.984063600808548 	 3 	 3.0	2.0	3.0	0	-1	1	-1	0.0	-999	-999	2.321 	3.0706 	4.0986 	-999	2.5302 	3.0428 	3.9405 	-999	2.6998 	4.0046 	-999	-999	91
12	J16c	circle	4	0.36	-1	3 	 2.7984367301610016 	 2 	 2.0	0.0	0.0	2	-1	1	-1	-999	-999	0.0	2.2669 	2.9348 	-999	-999	2.6077 	3.3844 	-999	-999	2.1256 	3.4484 	-999	-999	87
13	J16c	circle	8	0.28	1	3 	 2.53101088461582 	 3 	 0.0	6.0	2.0	1	1	-1	-1	-999	0.0	-999	2.4209 	3.8363 	-999	-999	2.2114 	3.489 	-999	-999	2.0152 	2.8195 	-999	-999	136
14	J16c	circle	8	0.45	-1	3 	 2.549333499254045 	 3 	 3.0	5.0	5.0	0	-1	1	-1	0.0	-999	-999	2.4595 	3.2412 	-999	-999	2.5678 	3.3888 	-999	-999	2.2673 	3.4565 	-999	-999	137
15	J16c	circle	4	0.19	1	3 	 2.222080890483252 	 3 	 1.0	3.0	0.0	0	1	-1	-1	-0.0	-999	-999	2.0129 	3.2714 	-999	-999	2.4303 	-999	-999	-999	1.9009 	2.8669 	-999	-999	71
16	J16c	circle	4	0.68	1	0 	 2.725188683347671 	 2 	 2.0	1.0	3.0	2	1	-1	-1	-999	-999	-2.0	2.422 	3.1812 	-999	-999	2.1366 	3.152 	-999	-999	2.5978 	3.707 	-999	-999	82
17	J16c	circle	8	0.28	-1	3 	 2.9063661373756777 	 2 	 -999.0	6.0	3.0	1	-1	1	-1	-999	-0.0	-999	1.9 	2.4707 	3.6351 	-999	2.6156 	3.2452 	-999	-999	1.9066 	2.5208 	3.6015 	-999	157
18	J16c	circle	4	0.77	-1	0 	 2.9009414639309807 	 3 	 0.0	3.0	1.0	1	-1	1	-1	-999	-1.0	-999	2.5797 	3.273 	-999	-999	2.5808 	3.8069 	-999	-999	1.9531 	2.8162 	3.5951 	-999	96
19	J16c	circle	8	0.11	1	3 	 2.6268635704560093 	 2 	 6.0	4.0	2.0	1	1	-1	-1	-999	0.0	-999	1.9817 	2.5934 	3.556 	-999	2.1165 	3.3162 	-999	-999	2.1429 	3.013 	-999	-999	140
20	J16c	circle	8	0.45	1	3 	 2.3544838773340953 	 3 	 0.0	4.0	1.0	2	1	-1	-1	-999	-999	0.0	2.0928 	2.9082 	-999	-999	2.3426 	3.7858 	-999	-999	1.9984 	2.5709 	-999	-999	127
21	J16c	circle	4	0.21	-1	3 	 2.9486959384465017 	 2 	 0.0	-999.0	2.0	2	-1	1	-1	-999	-999	-0.0	2.3209 	3.2159 	-999	-999	1.928 	3.1605 	-999	-999	2.0396 	2.7588 	3.4223 	-999	92
22	J16c	circle	8	0.2	-1	3 	 2.223221468798055 	 2 	 3.0	-999.0	6.0	0	-1	1	-1	0.0	-999	-999	2.0065 	3.3309 	-999	-999	2.1525 	3.1747 	-999	-999	1.9363 	2.6865 	-999	-999	118
23	J16c	circle	4	0.83	-1	3 	 2.6346301742813303 	 2 	 2.0	1.0	-999.0	1	-1	1	-1	-999	-0.0	-999	2.247 	3.3801 	-999	-999	2.0139 	2.9438 	-999	-999	2.6612 	3.2886 	-999	-999	85
24	J16c	circle	8	0.36	-1	0 	 2.8740801730963743 	 2 	 2.0	1.0	7.0	2	-1	1	-1	-999	-999	-1.0	2.057 	2.8796 	3.7418 	-999	1.7284 	2.4231 	3.7052 	-999	1.9163 	2.5287 	3.1267 	-999	156
25	J16c	circle	8	0.2	1	3 	 2.293296383103698 	 3 	 2.0	1.0	3.0	0	1	-1	-1	-0.0	-999	-999	1.8842 	3.0289 	-999	-999	1.7575 	2.7923 	-999	-999	1.7935 	2.5412 	-999	-999	123
26	J16c	circle	4	0.77	1	0 	 2.2596940355625303 	 3 	 2.0	1.0	2.0	1	1	-1	-1	-999	-1.0	-999	1.8251 	2.4863 	-999	-999	1.7894 	2.5415 	-999	-999	1.8025 	2.8007 	-999	-999	69
27	J16c	circle	8	0.2	1	3 	 2.538079179221938 	 2 	 2.0	-999.0	3.0	0	1	-1	-1	0.0	-999	-999	2.6517 	-999	-999	-999	2.4507 	3.0789 	-999	-999	2.4517 	3.0706 	-999	-999	136
28	J16c	circle	8	0.11	1	3 	 2.604910723765688 	 3 	 7.0	0.0	6.0	2	1	-1	-1	-999	-999	0.0	2.477 	3.6833 	-999	-999	2.4792 	3.338 	-999	-999	2.0285 	3.0368 	-999	-999	140
29	J16c	circle	8	0.36	1	3 	 2.3454978503459434 	 3 	 4.0	7.0	3.0	2	1	-1	-1	-999	-999	0.0	1.7439 	2.4546 	-999	-999	1.9545 	2.858 	-999	-999	1.9257 	2.879 	-999	-999	124
30	J16c	circle	4	0.48	1	3 	 2.940759963897312 	 3 	 1.0	0.0	1.0	0	1	-1	-1	-0.0	-999	-999	2.4108 	3.6883 	-999	-999	2.3746 	3.5254 	-999	-999	2.6253 	3.1765 	-999	-999	96
31	J16c	circle	4	0.83	1	3 	 2.9016799706164687 	 2 	 1.0	1.0	-999.0	0	1	-1	-1	-0.0	-999	-999	2.2716 	3.4639 	-999	-999	2.1069 	2.6433 	4.0336 	-999	2.528 	3.198 	-999	-999	98
32	J16c	circle	4	0.48	-1	3 	 2.5602353603760286 	 3 	 3.0	3.0	3.0	1	-1	1	-1	-999	-0.0	-999	1.9897 	3.455 	-999	-999	1.8814 	2.9142 	-999	-999	1.7479 	2.89 	-999	-999	82
33	J16c	circle	8	0.28	1	3 	 2.8343355528169574 	 2 	 1.0	6.0	0.0	0	1	-1	-1	-0.0	-999	-999	2.4197 	3.3699 	-999	-999	2.5242 	3.3276 	-999	-999	2.2134 	3.1519 	-999	-999	153
34	J16c	circle	8	0.45	1	3 	 2.592928156717752 	 2 	 7.0	-999.0	4.0	2	1	-1	-1	-999	-999	0.0	1.7036 	2.2896 	2.9901 	-999	2.6935 	-999	-999	-999	2.4842 	3.0186 	-999	-999	140
35	J16c	circle	4	0.52	1	0 	 2.7353738926536972 	 2 	 2.0	3.0	3.0	0	1	-1	-1	-1.0	-999	-999	2.1025 	2.785 	3.3141 	-999	2.3146 	3.5598 	-999	-999	2.2432 	3.5345 	-999	-999	93
36	J16c	circle	8	0.36	-1	3 	 2.8406875411762607 	 3 	 6.0	5.0	3.0	1	-1	1	-1	-999	-0.0	-999	2.6937 	3.9596 	-999	-999	2.4658 	3.7615 	-999	-999	1.7976 	3.2051 	-999	-999	151
37	J16c	circle	8	0.2	-1	3 	 2.9390040358963465 	 3 	 3.0	3.0	0.0	0	-1	1	-1	-0.0	-999	-999	1.8333 	2.4742 	3.9035 	-999	2.4288 	3.8817 	-999	-999	1.7343 	2.3681 	3.6526 	-999	157
38	J16c	circle	4	0.62	1	3 	 2.7949257354280843 	 3 	 1.0	3.0	1.0	0	1	-1	-1	-0.0	-999	-999	2.5169 	3.4088 	-999	-999	2.3418 	3.6183 	-999	-999	1.8108 	2.5422 	3.6549 	-999	76
39	J16c	circle	8	0.28	-1	3 	 2.828717083491239 	 3 	 3.0	3.0	1.0	2	-1	1	-1	-999	-999	0.0	2.1723 	3.3654 	-999	-999	1.9458 	2.4521 	3.5735 	-999	2.1064 	2.8871 	3.4332 	-999	148
40	J16c	circle	4	0.68	1	3 	 2.872368363158494 	 2 	 0.0	1.0	2.0	0	1	-1	-1	-0.0	-999	-999	1.9226 	3.0465 	-999	-999	2.1413 	3.6333 	-999	-999	2.3416 	3.671 	-999	-999	93
41	J16c	circle	4	0.34	1	3 	 2.270076593999957 	 3 	 0.0	2.0	1.0	0	1	-1	-1	-0.0	-999	-999	2.1114 	2.8325 	-999	-999	1.7158 	2.6274 	-999	-999	1.921 	2.769 	-999	-999	73
42	J16c	circle	8	0.45	1	3 	 2.287845783761669 	 3 	 7.0	6.0	6.0	0	1	-1	-1	-0.0	-999	-999	2.2208 	3.4467 	-999	-999	2.5062 	-999	-999	-999	2.0391 	3.0258 	-999	-999	121
43	J16c	circle	4	0.19	-1	3 	 2.2363719345020048 	 3 	 0.0	2.0	2.0	1	-1	1	-1	-999	-0.0	-999	2.3159 	3.6771 	-999	-999	1.8068 	3.1817 	-999	-999	2.5759 	-999	-999	-999	58
44	J16c	circle	8	0.36	1	3 	 2.8838038589412527 	 2 	 0.0	5.0	7.0	0	1	-1	-1	-0.0	-999	-999	2.6922 	3.4916 	-999	-999	2.4846 	3.7824 	-999	-999	1.7508 	3.1112 	-999	-999	154
45	J16c	circle	8	0.45	-1	3 	 2.957292488330758 	 2 	 5.0	0.0	4.0	0	-1	1	-1	0.0	-999	-999	2.1654 	3.2261 	-999	-999	2.47 	3.143 	-999	-999	2.2608 	3.0827 	-999	-999	159
46	J16c	circle	8	0.2	1	3 	 2.817934188593135 	 3 	 4.0	0.0	3.0	0	1	-1	-1	-0.0	-999	-999	2.3729 	3.1794 	-999	-999	2.515 	3.081 	-999	-999	2.6021 	3.389 	-999	-999	150
47	J16c	circle	8	0.28	-1	3 	 2.5140136103342745 	 3 	 0.0	5.0	3.0	2	-1	1	-1	-999	-999	0.0	2.0138 	2.7756 	-999	-999	2.1578 	3.095 	-999	-999	1.7808 	2.5808 	3.2725 	-999	133
48	J16c	circle	8	0.28	1	3 	 2.5468471567270896 	 3 	 1.0	3.0	7.0	1	1	-1	-1	-999	0.0	-999	1.7005 	2.5906 	3.2421 	-999	2.1729 	3.4711 	-999	-999	1.8649 	2.76 	-999	-999	135
49	J16c	circle	8	0.45	1	3 	 2.995283145704351 	 2 	 5.0	4.0	3.0	1	1	-1	-1	-999	0.0	-999	2.5835 	3.3048 	-999	-999	2.3152 	3.6467 	-999	-999	2.5562 	3.2969 	-999	-999	161
50	J16c	circle	8	0.28	-1	3 	 2.3150128908818077 	 2 	 1.0	6.0	0.0	1	-1	1	-1	-999	-0.0	-999	2.6327 	-999	-999	-999	1.9609 	3.3295 	-999	-999	1.8039 	2.7628 	-999	-999	122
51	J16c	circle	8	0.28	1	3 	 2.9347897329445014 	 2 	 0.0	6.0	0.0	1	1	-1	-1	-999	-0.0	-999	1.7367 	3.0324 	4.1852 	-999	1.7533 	2.7089 	3.7125 	-999	2.082 	3.0149 	4.3575 	-999	157
52	J16c	circle	4	0.83	-1	0 	 2.328936088215068 	 2 	 1.0	1.0	0.0	1	-1	1	-1	-999	2.0	-999	2.4275 	3.2638 	-999	-999	2.5075 	-999	-999	-999	1.9736 	2.8872 	-999	-999	78
53	J16c	circle	4	0.48	-1	0 	 2.7846344601325965 	 3 	 2.0	0.0	1.0	0	-1	1	-1	1.0	-999	-999	2.6812 	3.6584 	-999	-999	2.6129 	4.0033 	-999	-999	2.1267 	3.4961 	-999	-999	84
54	J16c	circle	4	0.36	-1	3 	 2.9990661126609415 	 2 	 3.0	0.0	3.0	2	-1	1	-1	-999	-999	0.0	1.9796 	2.6343 	3.1674 	-999	2.2763 	2.79 	3.7217 	-999	2.4597 	3.7728 	-999	-999	98
55	J16c	circle	8	0.11	1	3 	 2.3389634470172274 	 2 	 3.0	4.0	4.0	0	1	-1	-1	-0.0	-999	-999	2.2266 	2.7372 	-999	-999	2.272 	3.3209 	-999	-999	1.9313 	2.8612 	-999	-999	124
56	J16c	circle	8	0.36	1	0 	 2.6121957534830154 	 3 	 0.0	6.0	4.0	0	1	-1	-1	-1.0	-999	-999	2.6063 	4.0545 	-999	-999	2.1913 	3.2257 	-999	-999	2.1576 	3.2011 	-999	-999	139
57	J16c	circle	4	0.48	1	3 	 2.395166542798079 	 3 	 2.0	3.0	0.0	0	1	-1	-1	-0.0	-999	-999	1.893 	3.2463 	-999	-999	1.7836 	2.3246 	3.1807 	-999	2.0154 	2.7585 	-999	-999	64
58	J16c	circle	4	0.77	-1	3 	 2.516727024287717 	 3 	 3.0	1.0	3.0	2	-1	1	-1	-999	-999	0.0	1.9219 	2.8363 	-999	-999	2.0628 	3.0928 	-999	-999	1.9027 	3.3049 	-999	-999	77
59	J16c	circle	4	0.62	1	0 	 2.561363168291797 	 3 	 2.0	0.0	2.0	0	1	-1	-1	-1.0	-999	-999	2.5612 	3.6012 	-999	-999	2.4213 	3.4322 	-999	-999	1.8138 	3.0477 	-999	-999	75
60	J16c	circle	8	0.11	-1	3 	 2.26763024049665 	 3 	 5.0	7.0	4.0	0	-1	1	-1	-0.0	-999	-999	2.4396 	-999	-999	-999	2.4524 	-999	-999	-999	2.3826 	-999	-999	-999	119
61	J16c	circle	4	0.21	1	3 	 2.9142598826922206 	 2 	 2.0	-999.0	1.0	2	1	-1	-1	-999	-999	0.0	2.4635 	3.6962 	-999	-999	2.5957 	3.1092 	-999	-999	1.8103 	3.2079 	-999	-999	93
62	J16c	circle	8	0.2	1	3 	 2.6286303271313347 	 2 	 2.0	7.0	7.0	2	1	-1	-1	-999	-999	0.0	2.6844 	3.5477 	-999	-999	2.1442 	3.6025 	-999	-999	1.9215 	3.3263 	-999	-999	140
63	J16c	circle	4	0.83	1	0 	 2.440252514737322 	 2 	 1.0	3.0	0.0	2	1	-1	-1	-999	-999	1.0	2.4057 	3.1477 	-999	-999	2.0335 	3.4708 	-999	-999	1.9982 	2.5473 	-999	-999	75
64	J16c	circle	8	0.36	-1	3 	 2.346040186578402 	 2 	 1.0	5.0	7.0	0	-1	1	-1	-0.0	-999	-999	2.5092 	-999	-999	-999	2.2794 	3.542 	-999	-999	2.09 	3.12 	-999	-999	124
65	J16c	circle	4	0.34	-1	3 	 2.247772862967106 	 3 	 1.0	2.0	0.0	0	-1	1	-1	-0.0	-999	-999	2.6144 	-999	-999	-999	2.3187 	2.9468 	-999	-999	1.9379 	2.5976 	-999	-999	69
66	J16c	circle	8	0.36	-1	3 	 2.752482958362197 	 3 	 7.0	5.0	0.0	0	-1	1	-1	0.0	-999	-999	2.6621 	3.3524 	-999	-999	1.7962 	3.0762 	-999	-999	2.3836 	3.633 	-999	-999	147
67	J16c	circle	8	0.2	-1	3 	 2.2822468126375757 	 3 	 1.0	7.0	2.0	0	-1	1	-1	-0.0	-999	-999	2.2926 	3.0913 	-999	-999	2.1649 	2.8477 	-999	-999	2.2153 	3.2128 	-999	-999	121
68	J16c	circle	4	0.77	1	0 	 2.468199077453532 	 3 	 3.0	3.0	3.0	2	1	-1	-1	-999	-999	1.0	2.572 	-999	-999	-999	1.9827 	3.1248 	-999	-999	2.275 	2.8736 	-999	-999	73
69	J16c	circle	4	0.21	-1	0 	 2.5082329967304617 	 2 	 2.0	-999.0	3.0	0	-1	1	-1	1.0	-999	-999	2.2549 	3.4352 	-999	-999	1.8109 	3.1626 	-999	-999	2.6677 	-999	-999	-999	71
70	J16c	circle	4	0.62	-1	0 	 2.3371657005456354 	 3 	 3.0	3.0	2.0	1	-1	1	-1	-999	2.0	-999	2.5345 	-999	-999	-999	2.2182 	2.7216 	-999	-999	2.2406 	3.1411 	-999	-999	65
71	J16c	circle	4	0.68	-1	0 	 2.2655834507858694 	 2 	 3.0	1.0	1.0	2	-1	1	-1	-999	-999	1.0	2.3803 	-999	-999	-999	2.0896 	3.5337 	-999	-999	2.318 	3.7891 	-999	-999	65
72	J16c	circle	4	0.36	1	3 	 2.886392933548059 	 2 	 0.0	0.0	1.0	2	1	-1	-1	-999	-999	0.0	1.79 	3.0885 	-999	-999	2.0413 	2.5497 	3.9988 	-999	2.4624 	3.6441 	-999	-999	88
73	J16c	circle	8	0.11	1	3 	 2.4685477635559376 	 3 	 3.0	5.0	7.0	2	1	-1	-1	-999	-999	0.0	2.398 	3.0237 	-999	-999	2.5885 	-999	-999	-999	2.1962 	2.9127 	-999	-999	131
74	J16c	circle	4	0.52	1	3 	 2.9719736918255473 	 2 	 1.0	3.0	0.0	0	1	-1	-1	-0.0	-999	-999	2.0579 	3.3153 	-999	-999	2.1673 	3.4729 	-999	-999	2.5452 	3.1733 	-999	-999	93
75	J16c	circle	8	0.2	-1	3 	 2.704091037041282 	 2 	 7.0	7.0	2.0	0	-1	1	-1	0.0	-999	-999	2.4081 	3.3536 	-999	-999	1.8046 	2.5692 	3.2371 	-999	2.409 	3.2153 	-999	-999	144
76	J16c	circle	4	0.19	1	3 	 2.814745162309196 	 3 	 1.0	3.0	2.0	0	1	-1	-1	-0.0	-999	-999	2.3072 	3.6018 	-999	-999	2.0556 	2.8138 	3.7703 	-999	2.4298 	3.4653 	-999	-999	88
77	J16c	circle	8	0.11	-1	3 	 2.9654189544064824 	 2 	 6.0	5.0	4.0	1	-1	1	-1	-999	-0.0	-999	2.242 	3.4251 	-999	-999	1.7869 	3.1468 	-999	-999	1.8943 	3.0931 	-999	-999	160
78	J16c	circle	8	0.45	-1	3 	 2.8717725458229615 	 3 	 5.0	4.0	1.0	0	-1	1	-1	0.0	-999	-999	2.3801 	3.1289 	-999	-999	1.7424 	2.641 	3.6599 	-999	2.3115 	2.9188 	3.6633 	-999	153
79	J16c	circle	4	0.52	-1	3 	 2.2125815453727316 	 2 	 1.0	3.0	0.0	0	-1	1	-1	-0.0	-999	-999	2.4631 	-999	-999	-999	2.3901 	-999	-999	-999	2.5257 	-999	-999	-999	66
80	J16c	circle	4	0.77	1	3 	 2.2222243668589665 	 3 	 2.0	0.0	1.0	2	1	-1	-1	-999	-999	0.0	2.0133 	3.4781 	-999	-999	2.3091 	3.6584 	-999	-999	1.8333 	3.3223 	-999	-999	68
81	J16c	circle	4	0.68	-1	0 	 2.719083156356032 	 2 	 1.0	1.0	0.0	0	-1	1	-1	1.0	-999	-999	2.5085 	3.5381 	-999	-999	2.0341 	3.0903 	-999	-999	2.468 	3.925 	-999	-999	75
82	J16c	circle	8	0.11	1	3 	 2.356947893982662 	 2 	 3.0	4.0	4.0	1	1	-1	-1	-999	0.0	-999	2.6485 	-999	-999	-999	1.8034 	3.1118 	-999	-999	2.553 	-999	-999	-999	124
83	J16c	circle	8	0.36	-1	0 	 2.9451500511191138 	 3 	 3.0	1.0	1.0	0	-1	1	-1	1.0	-999	-999	1.8941 	2.4305 	3.5282 	-999	2.4391 	3.741 	-999	-999	2.5976 	3.868 	-999	-999	157
84	J16c	circle	4	0.48	-1	0 	 2.7689177484794048 	 3 	 2.0	2.0	0.0	1	-1	1	-1	-999	1.0	-999	2.6871 	3.6112 	-999	-999	1.8684 	3.1121 	-999	-999	2.6485 	3.826 	-999	-999	87
85	J16c	circle	4	0.36	-1	3 	 2.586134107815868 	 2 	 0.0	3.0	0.0	2	-1	1	-1	-999	-999	0.0	1.7943 	3.2052 	-999	-999	2.2836 	3.4125 	-999	-999	1.8952 	2.929 	-999	-999	77
86	J16c	circle	4	0.21	1	3 	 2.9926976327050943 	 2 	 3.0	1.0	3.0	1	1	-1	-1	-999	-0.0	-999	2.5516 	3.298 	-999	-999	1.7681 	2.971 	3.8984 	-999	1.8467 	2.7884 	3.5707 	-999	94
87	J16c	circle	4	0.52	-1	3 	 2.938798437950948 	 2 	 0.0	3.0	0.0	2	-1	1	-1	-999	-999	-0.0	1.7497 	2.9428 	3.9326 	-999	2.5226 	3.5934 	-999	-999	1.823 	2.7825 	3.5608 	-999	94
88	J16c	circle	4	0.36	1	3 	 2.914150974228996 	 2 	 0.0	1.0	0.0	2	1	-1	-1	-999	-999	-0.0	1.7631 	2.772 	4.148 	-999	2.4947 	3.4435 	-999	-999	1.8687 	2.4176 	3.1143 	-999	85
89	J16c	circle	8	0.45	-1	3 	 2.587997902454601 	 3 	 7.0	5.0	1.0	0	-1	1	-1	-0.0	-999	-999	1.7651 	2.468 	3.5767 	-999	2.6466 	3.3802 	-999	-999	2.1046 	3.1331 	-999	-999	137
90	J16c	circle	4	0.34	1	3 	 2.4572215519515677 	 3 	 1.0	3.0	1.0	2	1	-1	-1	-999	-999	0.0	1.8904 	2.6935 	-999	-999	2.0205 	3.4889 	-999	-999	1.7842 	2.9229 	-999	-999	78
91	J16c	circle	4	0.52	1	0 	 2.3308272906993204 	 2 	 2.0	0.0	0.0	1	1	-1	-1	-999	1.0	-999	2.0423 	2.9545 	-999	-999	1.8679 	2.9116 	-999	-999	1.8702 	2.457 	-999	-999	65
92	J16c	circle	4	0.83	1	3 	 2.3771708546972428 	 2 	 0.0	2.0	0.0	1	1	-1	-1	-999	0.0	-999	2.0666 	3.2195 	-999	-999	1.7194 	2.69 	-999	-999	2.2637 	3.4532 	-999	-999	68
93	J16c	circle	8	0.2	-1	3 	 2.9613850161417945 	 3 	 5.0	3.0	5.0	1	-1	1	-1	-999	-0.0	-999	1.7906 	2.9242 	4.4204 	-999	2.5752 	3.3255 	-999	-999	1.7931 	2.4438 	3.4538 	-999	159
94	J16c	circle	4	0.19	-1	3 	 2.4910176103288113 	 3 	 0.0	0.0	3.0	0	-1	1	-1	0.0	-999	-999	2.3018 	2.8968 	-999	-999	2.084 	3.2168 	-999	-999	2.3832 	3.3929 	-999	-999	74
95	J16c	circle	4	0.68	1	0 	 2.8900782683733235 	 2 	 0.0	2.0	0.0	0	1	-1	-1	-2.0	-999	-999	2.6339 	4.0713 	-999	-999	2.5905 	3.4453 	-999	-999	2.1229 	2.7013 	4.0005 	-999	72
96	J16c	circle	8	0.45	1	3 	 2.4721847442475333 	 3 	 7.0	1.0	2.0	0	1	-1	-1	-0.0	-999	-999	2.3828 	3.0598 	-999	-999	2.0886 	3.0345 	-999	-999	2.261 	3.1145 	-999	-999	127
97	J16c	circle	4	0.62	1	0 	 2.8691883839751693 	 3 	 3.0	1.0	0.0	0	1	-1	-1	1.0	-999	-999	2.5964 	3.5373 	-999	-999	2.6117 	3.3741 	-999	-999	1.9207 	3.0401 	-999	-999	76
98	J16c	circle	8	0.28	-1	3 	 2.225051634319709 	 3 	 1.0	1.0	2.0	1	-1	1	-1	-999	-0.0	-999	2.3518 	-999	-999	-999	1.7815 	2.284 	3.5026 	-999	1.7561 	2.816 	-999	-999	117
99	J16c	circle	8	0.2	1	3 	 2.293947450478929 	 2 	 7.0	3.0	3.0	1	1	-1	-1	-999	0.0	-999	2.4134 	-999	-999	-999	1.8115 	3.0772 	-999	-999	2.1579 	2.8444 	-999	-999	119
100	J16c	circle	4	0.34	-1	3 	 2.5094355653779727 	 3 	 2.0	3.0	3.0	1	-1	1	-1	-999	-0.0	-999	1.8822 	3.2138 	-999	-999	2.2753 	3.7368 	-999	-999	2.002 	2.9693 	-999	-999	71
101	J16c	circle	8	0.2	1	3 	 2.75004502915495 	 3 	 3.0	2.0	2.0	1	1	-1	-1	-999	0.0	-999	2.2097 	2.8222 	4.2914 	-999	1.9938 	2.8331 	4.0379 	-999	2.2652 	3.6329 	-999	-999	144
102	J16c	circle	8	0.28	1	3 	 2.367132902725394 	 3 	 6.0	1.0	3.0	0	1	-1	-1	-0.0	-999	-999	1.9495 	3.2306 	-999	-999	2.268 	3.1311 	-999	-999	1.9333 	3.0126 	-999	-999	122
103	J16c	circle	8	0.45	1	3 	 2.2334217502983433 	 2 	 5.0	6.0	6.0	2	1	-1	-1	-999	-999	0.0	2.1303 	3.1495 	-999	-999	1.7224 	2.8074 	-999	-999	1.9092 	3.326 	-999	-999	117
104	J16c	circle	4	0.19	1	3 	 2.390306846374505 	 3 	 3.0	3.0	1.0	1	1	-1	-1	-999	-0.0	-999	2.5633 	-999	-999	-999	2.4792 	3.6427 	-999	-999	2.3283 	3.7931 	-999	-999	75
105	J16c	circle	8	0.28	-1	3 	 2.40842592458281 	 2 	 5.0	6.0	0.0	1	-1	1	-1	-999	-0.0	-999	2.1123 	3.1456 	-999	-999	2.1966 	2.8215 	-999	-999	2.3802 	2.8902 	-999	-999	125
106	J16c	circle	8	0.28	1	3 	 2.740632100891617 	 2 	 4.0	1.0	0.0	1	1	-1	-1	-999	0.0	-999	2.6844 	3.3105 	-999	-999	2.4182 	3.1032 	-999	-999	1.9556 	2.7749 	3.5867 	-999	141
107	J16c	circle	8	0.36	-1	0 	 2.367186414863237 	 2 	 3.0	7.0	7.0	1	-1	1	-1	-999	1.0	-999	2.6156 	-999	-999	-999	1.834 	2.6308 	-999	-999	2.1052 	3.0362 	-999	-999	124
108	J16c	circle	8	0.36	1	3 	 2.485699524495519 	 2 	 7.0	1.0	7.0	1	1	-1	-1	-999	-0.0	-999	1.8963 	3.1931 	-999	-999	2.5914 	-999	-999	-999	2.5122 	3.841 	-999	-999	129
109	J16c	circle	8	0.11	-1	3 	 2.2848109431954815 	 3 	 4.0	3.0	0.0	1	-1	1	-1	-999	-0.0	-999	2.566 	-999	-999	-999	1.7897 	2.798 	-999	-999	2.4669 	-999	-999	-999	119
110	J16c	circle	8	0.2	-1	3 	 2.378365346561373 	 2 	 4.0	3.0	1.0	0	-1	1	-1	-0.0	-999	-999	2.5931 	-999	-999	-999	2.1256 	2.9777 	-999	-999	1.9009 	3.0391 	-999	-999	123
111	J16c	circle	4	0.83	-1	3 	 2.2534904117250085 	 2 	 2.0	0.0	0.0	0	-1	1	-1	-0.0	-999	-999	2.3352 	3.3776 	-999	-999	2.526 	-999	-999	-999	2.1279 	3.6045 	-999	-999	58
112	J16c	circle	8	0.36	1	0 	 2.703303762994825 	 3 	 3.0	5.0	2.0	2	1	-1	-1	-999	-999	1.0	2.2178 	3.2208 	-999	-999	2.6355 	3.9493 	-999	-999	2.5844 	3.4144 	-999	-999	142
113	J16c	circle	4	0.62	-1	3 	 2.695465242244214 	 3 	 2.0	2.0	0.0	0	-1	1	-1	0.0	-999	-999	2.3217 	3.0566 	-999	-999	2.5379 	3.5799 	-999	-999	2.4581 	3.0374 	-999	-999	70
114	J16c	circle	8	0.45	-1	3 	 2.319919292059816 	 2 	 6.0	6.0	7.0	0	-1	1	-1	-0.0	-999	-999	2.5458 	-999	-999	-999	1.8739 	2.71 	-999	-999	1.7577 	2.449 	-999	-999	120
115	J16c	circle	8	0.11	-1	3 	 2.4922202861527367 	 2 	 4.0	4.0	4.0	0	-1	1	-1	0.0	-999	-999	2.4802 	3.8031 	-999	-999	2.3497 	2.8959 	-999	-999	2.0335 	2.5561 	3.5705 	-999	131
116	J16c	circle	8	0.11	1	3 	 2.4282619461548656 	 3 	 5.0	0.0	4.0	2	1	-1	-1	-999	-999	0.0	2.3585 	2.9774 	-999	-999	2.341 	3.4201 	-999	-999	2.2111 	3.0864 	-999	-999	126
117	J16c	circle	4	0.21	-1	3 	 2.5653243214407073 	 2 	 1.0	3.0	3.0	0	-1	1	-1	0.0	-999	-999	2.1394 	3.4639 	-999	-999	1.8922 	2.5121 	3.4549 	-999	2.4096 	2.9441 	-999	-999	60
118	J16c	circle	4	0.77	-1	3 	 2.2754191840817035 	 3 	 1.0	1.0	3.0	0	-1	1	-1	-0.0	-999	-999	2.4672 	-999	-999	-999	2.5906 	-999	-999	-999	2.5774 	-999	-999	-999	60
119	J16c	circle	4	0.48	1	0 	 2.7762255813262913 	 3 	 2.0	0.0	2.0	1	1	-1	-1	-999	-1.0	-999	2.1909 	2.8628 	3.3866 	-999	1.9049 	2.7314 	3.9461 	-999	2.3965 	3.7554 	-999	-999	75
