trialnum	subject	basicShape	numObjects	speed	initialDirRing0	orderCorrect	trialDurTotal	numTargets	whichIsTargetEachRing0	whichIsTargetEachRing1	whichIsTargetEachRing2	ringToQuery	Direction0	Direction1	Direction2	respAdj0	respAdj1	respAdj2	rev0_0	rev0_1	rev0_2	rev0_3	rev1_0	rev1_1	rev1_2	rev1_3	rev2_0	rev2_1	rev2_2	rev2_3	timingBlips
0	M13a	circle	8	0.51	1	0 	 2.5717102097281 	 3 	 2.0	4.0	7.0	1	1	-1	-1	-999	2.0	-999	2.1549 	3.3943 	-999	-999	2.1945 	2.8166 	-999	-999	2.0926 	2.7968 	-999	-999	137
1	M13a	circle	4	0.61	1	3 	 2.480732616781163 	 3 	 1.0	2.0	2.0	0	1	-1	-1	-0.0	-999	-999	1.789 	2.513 	3.9594 	-999	2.1848 	3.0464 	-999	-999	1.9447 	3.2154 	-999	-999	75
2	M13a	circle	8	0.22	1	3 	 2.9153228327419347 	 3 	 0.0	1.0	4.0	1	1	-1	-1	-999	-0.0	-999	1.8454 	2.8701 	4.1239 	-999	1.7846 	2.6526 	3.5122 	-999	1.7592 	2.5097 	3.5814 	-999	158
3	M13a	circle	4	0.75	-1	0 	 2.947665688245191 	 3 	 3.0	0.0	3.0	2	-1	1	-1	-999	-999	2.0	1.9937 	2.6503 	3.6556 	-999	2.4517 	3.8093 	-999	-999	1.8642 	2.6776 	3.4158 	-999	90
4	M13a	circle	8	0.13	1	3 	 2.8057074916329388 	 3 	 5.0	4.0	1.0	1	1	-1	-1	-999	0.0	-999	2.1609 	3.4564 	-999	-999	2.3003 	3.0308 	-999	-999	2.2979 	3.1257 	-999	-999	146
5	M13a	circle	4	0.77	1	0 	 2.3759492822348105 	 2 	 3.0	-999.0	0.0	2	1	-1	-1	-999	-999	1.0	2.364 	2.9383 	-999	-999	2.3703 	3.5983 	-999	-999	1.8951 	3.1239 	-999	-999	63
6	M13a	circle	4	0.48	-1	3 	 2.791167489786956 	 2 	 0.0	-999.0	0.0	0	-1	1	-1	0.0	-999	-999	2.6622 	3.6086 	-999	-999	2.6273 	3.5871 	-999	-999	2.2322 	3.3118 	-999	-999	83
7	M13a	circle	8	0.32	-1	0 	 2.24972012277487 	 2 	 -999.0	1.0	4.0	2	-1	1	-1	-999	-999	1.0	1.7605 	3.1332 	-999	-999	2.2621 	3.5214 	-999	-999	1.8142 	2.7426 	-999	-999	120
8	M13a	circle	8	0.45	1	3 	 2.45466927863637 	 2 	 1.0	-999.0	0.0	0	1	-1	-1	-0.0	-999	-999	2.1856 	2.7663 	-999	-999	2.1543 	3.3514 	-999	-999	2.5349 	3.9415 	-999	-999	131
9	M13a	circle	8	0.32	-1	0 	 2.4868175766425695 	 3 	 0.0	4.0	2.0	2	-1	1	-1	-999	-999	3.0	2.361 	3.6123 	-999	-999	2.1025 	2.7837 	-999	-999	2.2608 	3.0844 	-999	-999	133
10	M13a	circle	8	0.42	-1	0 	 2.887610275011694 	 3 	 5.0	4.0	3.0	1	-1	1	-1	-999	-2.0	-999	2.4622 	3.5764 	-999	-999	2.4723 	3.4813 	-999	-999	2.6472 	3.8009 	-999	-999	157
11	M13a	circle	4	0.19	-1	3 	 2.278646017512864 	 2 	 -999.0	2.0	3.0	1	-1	1	-1	-999	0.0	-999	2.187 	2.7745 	-999	-999	2.3826 	-999	-999	-999	2.3906 	-999	-999	-999	62
12	M13a	circle	8	0.72	-1	0 	 2.6961561653465087 	 2 	 -999.0	6.0	4.0	1	-1	1	-1	-999	-3.0	-999	2.3859 	3.3997 	-999	-999	1.872 	3.1479 	-999	-999	2.4303 	3.4066 	-999	-999	146
13	M13a	circle	4	0.47	1	0 	 2.953831770621869 	 3 	 1.0	1.0	1.0	1	1	-1	-1	-999	1.0	-999	2.0994 	2.8895 	4.1962 	-999	2.5989 	3.7506 	-999	-999	2.0073 	3.0929 	-999	-999	86
14	M13a	circle	4	0.47	-1	0 	 2.9973107694088634 	 3 	 0.0	1.0	1.0	0	-1	1	-1	-1.0	-999	-999	2.2326 	3.5634 	-999	-999	2.6531 	3.8524 	-999	-999	1.926 	3.246 	-999	-999	85
15	M13a	circle	8	0.13	-1	3 	 2.6119144480984744 	 3 	 6.0	6.0	7.0	0	-1	1	-1	-0.0	-999	-999	1.9523 	2.4551 	3.4946 	-999	1.7008 	2.6551 	3.5639 	-999	2.6503 	3.9591 	-999	-999	141
16	M13a	circle	8	0.18	-1	3 	 2.9942904033609743 	 2 	 -999.0	6.0	4.0	2	-1	1	-1	-999	-999	0.0	1.8607 	3.1015 	-999	-999	2.0283 	2.9436 	4.4335 	-999	2.4524 	3.8571 	-999	-999	163
17	M13a	circle	4	0.33	-1	3 	 2.8933318570347333 	 3 	 3.0	0.0	3.0	2	-1	1	-1	-999	-999	0.0	2.5417 	4.0052 	-999	-999	2.6153 	3.4348 	-999	-999	1.7814 	3.2773 	-999	-999	91
18	M13a	circle	4	0.77	-1	3 	 2.9953322732733723 	 2 	 2.0	-999.0	0.0	2	-1	1	-1	-999	-999	0.0	2.4947 	3.0409 	3.7597 	-999	1.7717 	2.6684 	3.7524 	-999	2.5995 	4.0191 	-999	-999	90
19	M13a	circle	4	0.19	1	3 	 2.623374788478132 	 3 	 1.0	0.0	3.0	2	1	-1	-1	-999	-999	0.0	2.0753 	3.1225 	-999	-999	2.0665 	3.076 	-999	-999	2.5971 	3.583 	-999	-999	82
20	M13a	circle	4	0.33	1	0 	 2.4412013954422522 	 3 	 2.0	1.0	0.0	0	1	-1	-1	-2.0	-999	-999	2.5428 	-999	-999	-999	2.5227 	3.626 	-999	-999	2.0472 	3.1542 	-999	-999	71
21	M13a	circle	8	0.18	1	3 	 2.6049098550271657 	 2 	 0.0	0.0	4.0	1	1	-1	-1	-999	0.0	-999	1.8804 	2.6539 	4.1052 	-999	2.1052 	3.4294 	-999	-999	2.4239 	3.1353 	-999	-999	140
22	M13a	circle	8	0.51	-1	0 	 2.994288481307879 	 3 	 0.0	6.0	2.0	2	-1	1	-1	-999	-999	-3.0	2.3222 	3.7915 	-999	-999	1.7578 	2.7746 	3.2904 	-999	2.6538 	3.4033 	-999	-999	162
23	M13a	circle	8	0.72	1	0 	 2.577179595115264 	 2 	 -999.0	1.0	4.0	1	1	-1	-1	-999	1.0	-999	2.2993 	3.2422 	-999	-999	2.5307 	3.4176 	-999	-999	2.2599 	3.1308 	-999	-999	139
24	M13a	circle	4	0.48	1	3 	 2.3008101730783945 	 2 	 0.0	1.0	2.0	2	1	-1	-1	-999	-999	-0.0	2.3669 	2.9734 	-999	-999	2.6964 	-999	-999	-999	2.4971 	-999	-999	-999	65
25	M13a	circle	4	0.19	1	3 	 2.3639716002859625 	 2 	 0.0	2.0	1.0	0	1	-1	-1	0.0	-999	-999	2.6813 	-999	-999	-999	1.7274 	2.3226 	3.4097 	-999	1.8087 	2.9846 	-999	-999	68
26	M13a	circle	8	0.59	1	0 	 2.404577394262171 	 2 	 -999.0	7.0	1.0	2	1	-1	-1	-999	-999	2.0	2.2 	3.0315 	-999	-999	1.811 	2.4977 	3.8799 	-999	1.8596 	3.3012 	-999	-999	128
27	M13a	circle	8	0.32	1	0 	 2.761293980918001 	 3 	 7.0	4.0	0.0	1	1	-1	-1	-999	1.0	-999	1.795 	2.6324 	3.8314 	-999	2.3225 	3.4002 	-999	-999	2.0186 	3.211 	-999	-999	148
28	M13a	circle	4	0.34	-1	3 	 2.346965805439881 	 2 	 -999.0	3.0	1.0	1	-1	1	-1	-999	-0.0	-999	2.2736 	3.4716 	-999	-999	2.2774 	3.2415 	-999	-999	1.7996 	2.974 	-999	-999	67
29	M13a	circle	8	0.22	-1	0 	 2.9751371173960774 	 3 	 4.0	0.0	3.0	2	-1	1	-1	-999	-999	2.0	2.0284 	3.3927 	-999	-999	1.9176 	2.633 	4.1314 	-999	2.2582 	3.6566 	-999	-999	160
30	M13a	circle	8	0.32	1	3 	 2.543130180348733 	 2 	 -999.0	2.0	5.0	1	1	-1	-1	-999	-0.0	-999	2.4111 	3.3862 	-999	-999	1.7849 	2.3907 	3.5622 	-999	2.6748 	-999	-999	-999	136
31	M13a	circle	8	0.59	-1	0 	 2.5965726585062665 	 2 	 7.0	0.0	1.0	0	-1	1	-1	1.0	-999	-999	2.1094 	2.821 	-999	-999	2.6513 	3.6007 	-999	-999	1.9508 	3.4338 	-999	-999	139
32	M13a	circle	8	0.42	1	3 	 2.643792014640487 	 3 	 5.0	7.0	4.0	0	1	-1	-1	-0.0	-999	-999	2.1233 	2.8009 	-999	-999	1.7872 	2.494 	3.659 	-999	2.503 	3.5588 	-999	-999	141
33	M13a	circle	4	0.61	-1	0 	 2.577011379356804 	 3 	 0.0	3.0	1.0	0	-1	1	-1	-1.0	-999	-999	1.8995 	2.7686 	-999	-999	1.8067 	2.3661 	3.3939 	-999	1.7604 	2.472 	3.9448 	-999	71
34	M13a	circle	8	0.45	-1	0 	 2.3867894506756393 	 2 	 3.0	-999.0	5.0	2	-1	1	-1	-999	-999	1.0	2.1704 	2.7691 	-999	-999	1.8478 	2.604 	-999	-999	1.8236 	3.2885 	-999	-999	126
35	M13a	circle	4	0.19	-1	3 	 2.9623479804948225 	 3 	 3.0	1.0	0.0	0	-1	1	-1	0.0	-999	-999	2.1468 	3.6193 	-999	-999	1.8905 	2.6435 	3.7827 	-999	2.1324 	3.1952 	-999	-999	88
36	M13a	circle	4	0.34	1	0 	 2.4831729656824457 	 2 	 2.0	2.0	1.0	0	1	-1	-1	-1.0	-999	-999	2.0981 	2.9701 	-999	-999	1.7277 	2.2859 	3.0175 	-999	2.0961 	3.3321 	-999	-999	72
37	M13a	circle	4	0.62	1	0 	 2.8155907086157126 	 2 	 -999.0	1.0	1.0	2	1	-1	-1	-999	-999	-1.0	1.7334 	2.7992 	4.1097 	-999	2.3619 	3.5174 	-999	-999	2.6654 	3.8715 	-999	-999	83
38	M13a	circle	4	0.75	1	3 	 2.4812001905871415 	 3 	 2.0	3.0	3.0	1	1	-1	-1	-999	-0.0	-999	2.6296 	-999	-999	-999	2.5216 	3.5883 	-999	-999	2.4906 	3.3392 	-999	-999	69
39	M13a	circle	4	0.62	-1	3 	 2.481602629002789 	 2 	 0.0	3.0	1.0	1	-1	1	-1	-999	0.0	-999	1.9299 	2.9086 	-999	-999	1.7765 	2.4348 	3.017 	-999	1.904 	2.4568 	3.2761 	-999	72
40	M13a	circle	8	0.32	-1	3 	 2.294670588692012 	 2 	 -999.0	4.0	7.0	1	-1	1	-1	-999	-0.0	-999	1.9931 	2.9643 	-999	-999	2.1518 	3.4236 	-999	-999	2.4121 	-999	-999	-999	122
41	M13a	circle	8	0.42	-1	0 	 2.310764181683722 	 3 	 7.0	5.0	0.0	0	-1	1	-1	-2.0	-999	-999	2.4456 	-999	-999	-999	2.1421 	3.5426 	-999	-999	1.9625 	3.3129 	-999	-999	122
42	M13a	circle	8	0.13	-1	3 	 2.5102140500384698 	 3 	 2.0	4.0	3.0	0	-1	1	-1	-0.0	-999	-999	2.5027 	3.71 	-999	-999	1.8473 	2.4407 	3.2991 	-999	2.2462 	3.4429 	-999	-999	134
43	M13a	circle	4	0.19	-1	0 	 2.611972373504132 	 2 	 1.0	2.0	1.0	2	-1	1	-1	-999	-999	1.0	2.1589 	3.4905 	-999	-999	2.4008 	3.7599 	-999	-999	1.9449 	2.9234 	-999	-999	73
44	M13a	circle	8	0.42	1	3 	 2.283966213247468 	 3 	 7.0	0.0	3.0	0	1	-1	-1	0.0	-999	-999	2.6472 	-999	-999	-999	1.7054 	3.0746 	-999	-999	1.942 	2.8493 	-999	-999	120
45	M13a	circle	8	0.59	-1	3 	 2.2147111480378103 	 2 	 2.0	1.0	1.0	0	-1	1	-1	-0.0	-999	-999	2.44 	-999	-999	-999	1.7451 	2.4936 	-999	-999	2.2431 	3.0667 	-999	-999	117
46	M13a	circle	4	0.34	-1	3 	 2.247112323132486 	 2 	 2.0	3.0	0.0	1	-1	1	-1	-999	-0.0	-999	2.2948 	3.7674 	-999	-999	1.8182 	3.0976 	-999	-999	2.688 	-999	-999	-999	64
47	M13a	circle	4	0.75	1	0 	 2.4147377371318846 	 3 	 1.0	2.0	0.0	2	1	-1	-1	-999	-999	1.0	2.0267 	3.0331 	-999	-999	2.1533 	2.9729 	-999	-999	2.1261 	3.0672 	-999	-999	67
48	M13a	circle	4	0.34	1	3 	 2.2824635985184365 	 2 	 0.0	0.0	0.0	1	1	-1	-1	-999	0.0	-999	2.592 	-999	-999	-999	1.7335 	2.988 	-999	-999	1.8774 	2.772 	-999	-999	69
49	M13a	circle	4	0.33	-1	3 	 2.4683741897988645 	 3 	 0.0	0.0	1.0	0	-1	1	-1	0.0	-999	-999	2.4128 	3.5268 	-999	-999	1.8341 	2.8262 	-999	-999	2.0231 	2.6387 	-999	-999	71
50	M13a	circle	8	0.51	1	0 	 2.567141285132 	 3 	 0.0	5.0	1.0	1	1	-1	-1	-999	-1.0	-999	2.1247 	3.2988 	-999	-999	2.2476 	2.8965 	-999	-999	2.3519 	2.9061 	-999	-999	138
51	M13a	circle	4	0.47	1	3 	 2.463045999556517 	 3 	 1.0	3.0	3.0	2	1	-1	-1	-999	-999	0.0	2.1304 	3.115 	-999	-999	1.9586 	3.2347 	-999	-999	2.2353 	3.5013 	-999	-999	71
52	M13a	circle	8	0.45	-1	3 	 2.350088282037374 	 2 	 7.0	-999.0	4.0	0	-1	1	-1	0.0	-999	-999	1.7143 	3.1921 	-999	-999	2.1174 	3.2319 	-999	-999	2.0506 	2.8577 	-999	-999	125
53	M13a	circle	4	0.61	-1	3 	 2.743639223622699 	 3 	 0.0	2.0	3.0	1	-1	1	-1	-999	0.0	-999	2.4555 	3.3069 	-999	-999	1.7053 	2.6703 	4.0492 	-999	1.7891 	2.3903 	3.1463 	-999	79
54	M13a	circle	4	0.33	1	3 	 2.5589383082645005 	 3 	 2.0	2.0	3.0	2	1	-1	-1	-999	-999	0.0	2.1803 	3.3022 	-999	-999	1.7013 	3.1609 	-999	-999	2.1243 	3.2543 	-999	-999	65
55	M13a	circle	8	0.72	1	0 	 2.3157894456443655 	 2 	 3.0	2.0	4.0	0	1	-1	-1	3.0	-999	-999	1.8531 	3.1744 	-999	-999	2.2977 	3.7665 	-999	-999	1.9259 	2.5794 	-999	-999	119
56	M13a	circle	8	0.32	1	3 	 2.9284193756751598 	 3 	 2.0	4.0	0.0	0	1	-1	-1	-0.0	-999	-999	2.0352 	3.3016 	-999	-999	2.0668 	3.2171 	-999	-999	2.0894 	2.7896 	4.2774 	-999	156
57	M13a	circle	4	0.19	1	3 	 2.382838139544773 	 3 	 1.0	3.0	2.0	0	1	-1	-1	-0.0	-999	-999	2.1743 	3.5736 	-999	-999	2.4213 	3.716 	-999	-999	2.2321 	3.423 	-999	-999	70
58	M13a	circle	4	0.19	-1	3 	 2.8085919376858346 	 3 	 1.0	0.0	1.0	0	-1	1	-1	0.0	-999	-999	2.2502 	3.1776 	-999	-999	2.6614 	3.1676 	-999	-999	2.0886 	3.3772 	-999	-999	86
59	M13a	circle	4	0.19	1	3 	 2.8344742834243384 	 2 	 3.0	0.0	1.0	0	1	-1	-1	-0.0	-999	-999	2.5396 	3.0681 	-999	-999	2.1015 	3.0589 	-999	-999	1.8669 	2.6606 	3.3017 	-999	81
60	M13a	circle	4	0.77	-1	0 	 2.304391142614421 	 2 	 3.0	3.0	0.0	1	-1	1	-1	-999	-1.0	-999	2.3627 	2.8896 	-999	-999	1.8791 	3.2299 	-999	-999	2.1499 	3.6327 	-999	-999	64
61	M13a	circle	4	0.75	-1	3 	 2.7980530222372244 	 3 	 1.0	3.0	3.0	1	-1	1	-1	-999	-0.0	-999	2.341 	3.5985 	-999	-999	2.0224 	3.1449 	-999	-999	2.6492 	3.7387 	-999	-999	81
62	M13a	circle	8	0.32	1	3 	 2.7170542392875374 	 2 	 4.0	4.0	1.0	2	1	-1	-1	-999	-999	0.0	2.4409 	3.7006 	-999	-999	2.1161 	3.5733 	-999	-999	1.9677 	2.952 	-999	-999	143
63	M13a	circle	8	0.18	-1	0 	 2.9494569715338725 	 2 	 0.0	6.0	2.0	2	-1	1	-1	-999	-999	-2.0	2.4769 	3.3105 	-999	-999	2.3923 	3.1566 	-999	-999	1.7353 	2.9729 	3.6646 	-999	158
64	M13a	circle	8	0.18	1	3 	 2.7828841077151236 	 2 	 0.0	2.0	7.0	1	1	-1	-1	-999	0.0	-999	2.3865 	3.1827 	-999	-999	2.4865 	3.1895 	-999	-999	2.5611 	3.5279 	-999	-999	149
65	M13a	circle	4	0.47	-1	0 	 2.36060187045596 	 3 	 3.0	2.0	1.0	2	-1	1	-1	-999	-999	1.0	2.369 	3.4729 	-999	-999	2.4548 	3.1563 	-999	-999	2.3314 	3.3739 	-999	-999	70
66	M13a	circle	4	0.48	-1	3 	 2.290338330878039 	 2 	 0.0	1.0	2.0	0	-1	1	-1	-0.0	-999	-999	2.4409 	-999	-999	-999	1.9504 	2.689 	-999	-999	1.72 	2.8224 	-999	-999	64
67	M13a	circle	8	0.45	1	3 	 2.9889685145351494 	 2 	 7.0	5.0	6.0	1	1	-1	-1	-999	-0.0	-999	1.9417 	2.9135 	4.4 	-999	2.1802 	2.7453 	3.5386 	-999	1.9103 	2.5762 	3.077 	3.7395 	160
68	M13a	circle	8	0.22	-1	3 	 2.8181805033452645 	 3 	 7.0	7.0	7.0	2	-1	1	-1	-999	-999	0.0	1.9983 	3.3414 	-999	-999	2.1523 	3.5349 	-999	-999	2.5728 	3.0748 	-999	-999	150
69	M13a	circle	8	0.22	1	0 	 2.409992659210336 	 3 	 7.0	6.0	1.0	1	1	-1	-1	-999	1.0	-999	1.9718 	3.4612 	-999	-999	2.1613 	2.6951 	-999	-999	2.0415 	3.3611 	-999	-999	128
70	M13a	circle	4	0.62	1	3 	 2.244933744780326 	 2 	 2.0	0.0	1.0	1	1	-1	-1	-999	0.0	-999	2.5 	-999	-999	-999	2.1534 	3.646 	-999	-999	2.4416 	-999	-999	-999	62
71	M13a	circle	4	0.61	1	3 	 2.855045504568973 	 3 	 2.0	3.0	3.0	2	1	-1	-1	-999	-999	0.0	1.7756 	2.4379 	3.1102 	-999	2.6617 	3.2198 	-999	-999	2.6428 	3.9083 	-999	-999	83
72	M13a	circle	4	0.48	1	3 	 2.3844852315088607 	 2 	 0.0	3.0	2.0	1	1	-1	-1	-999	0.0	-999	1.7209 	2.9302 	-999	-999	2.3116 	3.3571 	-999	-999	1.7294 	2.4273 	3.0503 	-999	72
73	M13a	circle	8	0.32	-1	3 	 2.7040780515972167 	 3 	 5.0	4.0	7.0	0	-1	1	-1	0.0	-999	-999	2.1601 	3.5652 	-999	-999	2.489 	3.0029 	-999	-999	1.8699 	2.5445 	3.8363 	-999	144
74	M13a	circle	8	0.51	-1	3 	 2.5476488633453074 	 3 	 2.0	6.0	1.0	0	-1	1	-1	0.0	-999	-999	1.9797 	3.2835 	-999	-999	2.0969 	3.1937 	-999	-999	2.6347 	3.394 	-999	-999	135
75	M13a	circle	4	0.62	-1	3 	 2.2320018975086953 	 2 	 1.0	2.0	1.0	1	-1	1	-1	-999	-0.0	-999	2.079 	3.1774 	-999	-999	2.2212 	3.2775 	-999	-999	2.3754 	-999	-999	-999	65
76	M13a	circle	8	0.72	-1	0 	 2.4621704532408275 	 2 	 3.0	2.0	4.0	0	-1	1	-1	1.0	-999	-999	1.9201 	2.8588 	-999	-999	2.4118 	3.1832 	-999	-999	2.2959 	2.855 	-999	-999	130
77	M13a	circle	8	0.59	1	0 	 2.3115441633674734 	 2 	 7.0	1.0	2.0	0	1	-1	-1	-2.0	-999	-999	1.7782 	2.8098 	-999	-999	1.8462 	2.9339 	-999	-999	1.8552 	3.0737 	-999	-999	122
78	M13a	circle	8	0.13	1	3 	 2.495909858492287 	 3 	 5.0	1.0	0.0	2	1	-1	-1	-999	-999	0.0	2.1898 	3.6513 	-999	-999	2.0694 	2.8163 	-999	-999	2.4536 	3.2242 	-999	-999	131
79	M13a	circle	4	0.77	1	3 	 2.935656567750964 	 2 	 3.0	0.0	1.0	2	1	-1	-1	-999	-999	-0.0	2.0657 	3.0311 	4.1787 	-999	1.7733 	2.6917 	3.7028 	-999	2.0226 	2.8017 	4.1716 	-999	86
80	M13a	circle	8	0.32	-1	0 	 2.360502868057198 	 2 	 2.0	5.0	1.0	1	-1	1	-1	-999	1.0	-999	1.9159 	3.3409 	-999	-999	1.9008 	3.2941 	-999	-999	2.2181 	3.016 	-999	-999	124
81	M13a	circle	8	0.72	1	0 	 2.6620138549471415 	 2 	 3.0	5.0	7.0	1	1	-1	-1	-999	1.0	-999	2.6692 	3.2033 	-999	-999	2.2795 	2.8616 	-999	-999	2.5555 	3.1247 	-999	-999	141
82	M13a	circle	4	0.34	-1	0 	 2.822627426610741 	 2 	 0.0	1.0	0.0	0	-1	1	-1	1.0	-999	-999	2.4667 	3.9027 	-999	-999	2.3873 	3.3781 	-999	-999	2.2997 	3.315 	-999	-999	85
83	M13a	circle	8	0.72	-1	0 	 2.9157903640162917 	 2 	 1.0	5.0	7.0	0	-1	1	-1	-1.0	-999	-999	2.3477 	3.5868 	-999	-999	2.4492 	3.6632 	-999	-999	2.4773 	3.0969 	-999	-999	155
84	M13a	circle	8	0.51	1	0 	 2.3907873478602317 	 3 	 4.0	0.0	6.0	2	1	-1	-1	-999	-999	2.0	2.063 	2.6174 	-999	-999	2.1212 	3.0862 	-999	-999	2.3443 	3.2942 	-999	-999	126
85	M13a	circle	8	0.13	-1	3 	 2.304037263839956 	 3 	 0.0	7.0	7.0	0	-1	1	-1	-0.0	-999	-999	2.615 	-999	-999	-999	2.6596 	-999	-999	-999	2.0697 	3.5253 	-999	-999	121
86	M13a	circle	8	0.45	-1	0 	 2.52715732825028 	 2 	 1.0	5.0	2.0	0	-1	1	-1	3.0	-999	-999	2.1498 	2.9437 	-999	-999	1.8211 	2.828 	-999	-999	2.6498 	-999	-999	-999	133
87	M13a	circle	8	0.13	1	3 	 2.55695323649625 	 3 	 3.0	1.0	5.0	0	1	-1	-1	0.0	-999	-999	1.8103 	2.5193 	3.8363 	-999	2.3847 	3.609 	-999	-999	2.1507 	2.6956 	-999	-999	135
88	M13a	circle	8	0.59	-1	0 	 2.66027903982284 	 2 	 1.0	1.0	1.0	2	-1	1	-1	-999	-999	-2.0	2.2525 	3.4042 	-999	-999	2.1813 	2.8472 	-999	-999	2.1028 	2.9351 	-999	-999	140
89	M13a	circle	4	0.48	-1	0 	 2.7697487952344764 	 2 	 0.0	3.0	1.0	2	-1	1	-1	-999	-999	2.0	2.1202 	3.3586 	-999	-999	2.0963 	3.2726 	-999	-999	2.6542 	3.924 	-999	-999	79
90	M13a	circle	4	0.47	-1	0 	 2.784263025220201 	 3 	 2.0	3.0	2.0	0	-1	1	-1	-1.0	-999	-999	1.959 	2.8843 	-999	-999	1.8518 	2.5771 	3.1691 	-999	1.7137 	2.4382 	3.3221 	-999	75
91	M13a	circle	8	0.18	1	3 	 2.4887799093928664 	 2 	 6.0	2.0	0.0	0	1	-1	-1	-0.0	-999	-999	1.8421 	3.2158 	-999	-999	2.2031 	3.2033 	-999	-999	1.8233 	2.3563 	3.5569 	-999	129
92	M13a	circle	4	0.61	-1	3 	 2.3862139332006795 	 3 	 0.0	0.0	2.0	0	-1	1	-1	0.0	-999	-999	2.2123 	3.2337 	-999	-999	2.4314 	3.6064 	-999	-999	1.7592 	3.1105 	-999	-999	64
93	M13a	circle	4	0.19	-1	3 	 2.7488770277298826 	 2 	 1.0	0.0	1.0	0	-1	1	-1	0.0	-999	-999	1.9184 	3.0379 	-999	-999	1.9304 	3.0494 	-999	-999	2.0507 	2.7916 	3.6216 	-999	80
94	M13a	circle	4	0.48	1	0 	 2.3765893241915075 	 2 	 1.0	0.0	1.0	0	1	-1	-1	1.0	-999	-999	2.3439 	3.2888 	-999	-999	2.3768 	3.1734 	-999	-999	1.8874 	2.8095 	-999	-999	67
95	M13a	circle	4	0.34	1	3 	 2.304676961516411 	 2 	 0.0	3.0	0.0	0	1	-1	-1	-0.0	-999	-999	1.9559 	3.1303 	-999	-999	2.5278 	-999	-999	-999	2.0155 	3.1263 	-999	-999	60
96	M13a	circle	4	0.19	-1	3 	 2.3456620958046135 	 3 	 0.0	1.0	3.0	1	-1	1	-1	-999	0.0	-999	2.09 	3.1384 	-999	-999	2.3392 	3.0768 	-999	-999	1.8925 	2.7742 	-999	-999	63
97	M13a	circle	4	0.47	1	3 	 2.5742245151558945 	 3 	 2.0	0.0	2.0	2	1	-1	-1	-999	-999	0.0	2.4437 	3.6727 	-999	-999	1.9761 	3.1894 	-999	-999	2.196 	3.0197 	-999	-999	70
98	M13a	circle	8	0.59	1	0 	 2.440408539174788 	 2 	 3.0	1.0	4.0	2	1	-1	-1	-999	-999	-3.0	2.6149 	-999	-999	-999	1.7619 	2.992 	-999	-999	2.4022 	2.9552 	-999	-999	127
99	M13a	circle	8	0.42	-1	0 	 2.959123311595398 	 3 	 3.0	5.0	0.0	1	-1	1	-1	-999	1.0	-999	1.7442 	3.1554 	-999	-999	2.6981 	3.7042 	-999	-999	1.7541 	3.146 	-999	-999	156
100	M13a	circle	4	0.62	-1	3 	 2.601971652141037 	 2 	 1.0	1.0	3.0	1	-1	1	-1	-999	-0.0	-999	2.2659 	3.6377 	-999	-999	2.0835 	3.2005 	-999	-999	2.498 	3.9332 	-999	-999	72
101	M13a	circle	4	0.62	1	3 	 2.819522543248329 	 2 	 2.0	1.0	0.0	2	1	-1	-1	-999	-999	0.0	2.0816 	3.0245 	-999	-999	1.7235 	3.0271 	-999	-999	2.3949 	2.9714 	-999	-999	76
102	M13a	circle	8	0.42	1	0 	 2.881134084474806 	 3 	 6.0	7.0	2.0	0	1	-1	-1	-1.0	-999	-999	1.8971 	2.6214 	3.8959 	-999	2.2545 	3.2617 	-999	-999	2.338 	3.7769 	-999	-999	152
103	M13a	circle	4	0.77	1	0 	 2.5116970745265195 	 2 	 3.0	3.0	2.0	1	1	-1	-1	-999	1.0	-999	2.1951 	3.326 	-999	-999	2.3344 	3.8218 	-999	-999	2.4356 	3.1089 	-999	-999	65
104	M13a	circle	4	0.33	-1	0 	 2.90631298371813 	 3 	 2.0	1.0	2.0	2	-1	1	-1	-999	-999	-1.0	2.6286 	3.1647 	-999	-999	2.2865 	3.4405 	-999	-999	2.1514 	3.3295 	-999	-999	81
105	M13a	circle	8	0.51	-1	3 	 2.559963726825011 	 3 	 3.0	4.0	2.0	1	-1	1	-1	-999	0.0	-999	2.5282 	3.0607 	-999	-999	2.6626 	-999	-999	-999	2.074 	2.6714 	-999	-999	134
106	M13a	circle	8	0.22	-1	3 	 2.636750407134026 	 3 	 4.0	0.0	1.0	2	-1	1	-1	-999	-999	0.0	2.2981 	3.3435 	-999	-999	2.1774 	3.4126 	-999	-999	2.6205 	3.3882 	-999	-999	137
107	M13a	circle	4	0.19	1	3 	 2.8604135331951808 	 2 	 1.0	2.0	0.0	1	1	-1	-1	-999	-0.0	-999	2.3144 	3.5638 	-999	-999	2.0204 	2.8122 	3.6846 	-999	2.082 	2.8034 	3.8846 	-999	76
108	M13a	circle	8	0.32	1	3 	 2.740543817839714 	 3 	 3.0	7.0	0.0	1	1	-1	-1	-999	0.0	-999	2.5074 	3.9874 	-999	-999	2.4455 	3.6434 	-999	-999	1.8223 	2.8617 	-999	-999	139
109	M13a	circle	8	0.45	1	0 	 2.466759862382269 	 2 	 1.0	3.0	0.0	2	1	-1	-1	-999	-999	3.0	1.9761 	2.5843 	-999	-999	1.8385 	2.4168 	3.8749 	-999	2.1682 	3.5983 	-999	-999	124
110	M13a	circle	4	0.61	1	3 	 2.5774885347432486 	 3 	 2.0	3.0	1.0	0	1	-1	-1	-0.0	-999	-999	1.8402 	3.2276 	-999	-999	1.7702 	3.2372 	-999	-999	2.5679 	3.4595 	-999	-999	56
111	M13a	circle	4	0.75	-1	0 	 2.4733967936085937 	 3 	 1.0	2.0	0.0	0	-1	1	-1	-1.0	-999	-999	2.1281 	2.9034 	-999	-999	2.5421 	3.0694 	-999	-999	2.3594 	3.1513 	-999	-999	70
112	M13a	circle	8	0.32	1	0 	 2.8094573712310447 	 2 	 3.0	5.0	1.0	0	1	-1	-1	-2.0	-999	-999	1.8495 	2.3897 	3.5977 	-999	2.6158 	3.9578 	-999	-999	1.7904 	3.266 	-999	-999	146
113	M13a	circle	4	0.33	1	3 	 2.4249192637947026 	 3 	 2.0	3.0	2.0	1	1	-1	-1	-999	-0.0	-999	1.8302 	2.6506 	-999	-999	2.697 	-999	-999	-999	2.4429 	3.862 	-999	-999	64
114	M13a	circle	4	0.19	1	3 	 2.2483391207523282 	 3 	 3.0	3.0	1.0	1	1	-1	-1	-999	0.0	-999	2.2542 	3.6147 	-999	-999	2.1673 	2.744 	-999	-999	1.7918 	3.2708 	-999	-999	58
115	M13a	circle	4	0.75	1	0 	 2.6393372517196534 	 3 	 1.0	2.0	3.0	1	1	-1	-1	-999	1.0	-999	2.1172 	3.4344 	-999	-999	1.9788 	3.1922 	-999	-999	2.213 	2.971 	-999	-999	68
116	M13a	circle	4	0.77	-1	0 	 2.4553905085789807 	 2 	 2.0	3.0	3.0	2	-1	1	-1	-999	-999	1.0	2.4643 	3.2374 	-999	-999	2.5003 	3.1825 	-999	-999	2.5784 	-999	-999	-999	65
117	M13a	circle	8	0.32	-1	3 	 2.493054070914871 	 3 	 6.0	3.0	2.0	0	-1	1	-1	0.0	-999	-999	2.393 	3.1601 	-999	-999	2.1129 	3.1993 	-999	-999	2.6998 	-999	-999	-999	129
118	M13a	circle	8	0.18	-1	3 	 2.99582321269654 	 2 	 6.0	2.0	2.0	2	-1	1	-1	-999	-999	-0.0	2.5686 	4.0156 	-999	-999	1.7341 	2.489 	3.9422 	-999	1.9164 	2.8448 	3.4596 	-999	155
119	M13a	circle	8	0.22	1	3 	 2.5389899303894916 	 3 	 2.0	0.0	6.0	0	1	-1	-1	0.0	-999	-999	2.6296 	3.7114 	-999	-999	2.3223 	3.017 	-999	-999	2.1098 	2.8027 	-999	-999	131
