trialnum	subject	basicShape	numObjects	speed	initialDirRing0	orderCorrect	trialDurTotal	numTargets	whichIsTargetEachRing0	whichIsTargetEachRing1	whichIsTargetEachRing2	ringToQuery	Direction0	Direction1	Direction2	respAdj0	respAdj1	respAdj2	rev0_0	rev0_1	rev0_2	rev0_3	rev1_0	rev1_1	rev1_2	rev1_3	rev2_0	rev2_1	rev2_2	rev2_3	timingBlips
0	M13b	circle	4	0.77	-1	0 	 2.629529121564853 	 2 	 3.0	-999.0	2.0	2	-1	1	-1	-999	-999	-1.0	1.7674 	2.8073 	-999	-999	2.4258 	3.245 	-999	-999	1.8829 	3.3574 	-999	-999	71
1	M13b	circle	4	0.61	1	3 	 2.8399822694296235 	 3 	 1.0	3.0	3.0	0	1	-1	-1	-0.0	-999	-999	2.604 	3.339 	-999	-999	1.8438 	3.2569 	-999	-999	2.1402 	2.8787 	3.577 	-999	78
2	M13b	circle	8	0.42	1	3 	 2.755836054274697 	 3 	 1.0	2.0	0.0	1	1	-1	-1	-999	0.0	-999	2.5049 	3.5136 	-999	-999	2.2123 	3.1263 	-999	-999	1.8302 	2.3445 	3.0878 	-999	148
3	M13b	circle	8	0.45	-1	0 	 2.583418452000033 	 2 	 -999.0	0.0	7.0	1	-1	1	-1	-999	1.0	-999	2.4664 	3.1053 	-999	-999	1.9941 	3.1888 	-999	-999	1.8244 	2.7436 	-999	-999	136
4	M13b	circle	4	0.47	-1	3 	 2.3908493658751304 	 3 	 0.0	0.0	0.0	2	-1	1	-1	-999	-999	0.0	2.5154 	-999	-999	-999	2.0902 	3.1705 	-999	-999	1.8424 	2.9587 	-999	-999	65
5	M13b	circle	8	0.13	-1	0 	 2.709801452397329 	 3 	 4.0	2.0	2.0	2	-1	1	-1	-999	-999	1.0	2.0675 	2.6434 	4.0422 	-999	2.6174 	3.6357 	-999	-999	2.0543 	2.7581 	3.2809 	-999	145
6	M13b	circle	8	0.13	1	3 	 2.5087120268486816 	 3 	 0.0	2.0	7.0	0	1	-1	-1	-0.0	-999	-999	2.4498 	2.9513 	-999	-999	2.6409 	-999	-999	-999	2.5628 	3.071 	-999	-999	134
7	M13b	circle	8	0.42	-1	3 	 2.325926159121086 	 3 	 0.0	5.0	6.0	1	-1	1	-1	-999	0.0	-999	1.935 	2.6119 	-999	-999	2.4905 	-999	-999	-999	2.6907 	-999	-999	-999	123
8	M13b	circle	4	0.19	1	0 	 2.675799850321529 	 3 	 0.0	1.0	1.0	0	1	-1	-1	1.0	-999	-999	2.4163 	2.9934 	-999	-999	2.2957 	3.1534 	-999	-999	1.8992 	2.9295 	-999	-999	73
9	M13b	circle	8	0.32	1	0 	 2.7762939839242007 	 3 	 4.0	4.0	4.0	2	1	-1	-1	-999	-999	1.0	2.4089 	3.1829 	-999	-999	2.6314 	3.4465 	-999	-999	1.7245 	2.7213 	3.4639 	-999	148
10	M13b	circle	8	0.51	-1	0 	 2.484261230209118 	 3 	 6.0	5.0	2.0	2	-1	1	-1	-999	-999	2.0	1.9229 	2.8209 	-999	-999	2.6473 	-999	-999	-999	1.8038 	2.6386 	-999	-999	132
11	M13b	circle	8	0.22	-1	3 	 2.505376709222498 	 3 	 0.0	5.0	5.0	0	-1	1	-1	0.0	-999	-999	1.9348 	2.7584 	-999	-999	2.0808 	2.7312 	-999	-999	2.1975 	3.608 	-999	-999	134
12	M13b	circle	4	0.48	1	3 	 2.405111705189407 	 2 	 -999.0	2.0	0.0	2	1	-1	-1	-999	-999	0.0	1.8525 	3.0112 	-999	-999	1.7231 	3.201 	-999	-999	2.361 	3.3948 	-999	-999	65
13	M13b	circle	4	0.75	-1	3 	 2.5922511729183326 	 3 	 2.0	2.0	2.0	0	-1	1	-1	0.0	-999	-999	2.5579 	3.2438 	-999	-999	1.7803 	2.4853 	3.4297 	-999	2.0839 	3.2922 	-999	-999	69
14	M13b	circle	4	0.62	1	3 	 2.344303813184369 	 2 	 3.0	-999.0	3.0	2	1	-1	-1	-999	-999	0.0	1.8227 	2.5618 	-999	-999	2.6743 	-999	-999	-999	1.8229 	2.4726 	-999	-999	64
15	M13b	circle	4	0.34	1	3 	 2.2353198377366486 	 2 	 3.0	-999.0	2.0	2	1	-1	-1	-999	-999	-0.0	1.8601 	2.7766 	-999	-999	2.4911 	-999	-999	-999	2.3559 	-999	-999	-999	62
16	M13b	circle	8	0.45	1	0 	 2.7927512910574652 	 2 	 7.0	0.0	5.0	2	1	-1	-1	-999	-999	1.0	2.1282 	2.8098 	3.7443 	-999	1.7344 	2.7695 	3.7485 	-999	2.2812 	3.1799 	-999	-999	149
17	M13b	circle	4	0.61	-1	0 	 2.726034532414914 	 3 	 1.0	2.0	0.0	0	-1	1	-1	2.0	-999	-999	2.6893 	3.464 	-999	-999	2.0644 	3.2486 	-999	-999	1.7583 	2.6495 	3.3742 	-999	73
18	M13b	circle	4	0.19	1	3 	 2.7384327421582455 	 2 	 2.0	3.0	-999.0	0	1	-1	-1	0.0	-999	-999	1.8939 	2.6889 	3.4664 	-999	2.6922 	3.4404 	-999	-999	1.9877 	3.4003 	-999	-999	74
19	M13b	circle	8	0.59	1	3 	 2.497430625364667 	 2 	 2.0	-999.0	3.0	0	1	-1	-1	-0.0	-999	-999	2.1701 	3.5791 	-999	-999	1.9496 	2.5644 	3.1895 	-999	2.2048 	3.0844 	-999	-999	133
20	M13b	circle	8	0.72	-1	3 	 2.3681877998763867 	 2 	 0.0	-999.0	4.0	2	-1	1	-1	-999	-999	-0.0	2.0603 	2.9087 	-999	-999	2.2282 	3.3169 	-999	-999	2.3862 	2.9889 	-999	-999	126
21	M13b	circle	8	0.32	-1	0 	 2.6993372168364185 	 3 	 1.0	6.0	6.0	0	-1	1	-1	-1.0	-999	-999	2.0606 	2.8874 	-999	-999	2.232 	3.2062 	-999	-999	2.322 	2.8968 	-999	-999	144
22	M13b	circle	8	0.18	1	3 	 2.9166378687325287 	 2 	 3.0	-999.0	2.0	0	1	-1	-1	-0.0	-999	-999	2.1577 	3.2649 	-999	-999	2.2117 	3.6148 	-999	-999	1.8144 	3.2532 	-999	-999	151
23	M13b	circle	8	0.51	1	0 	 2.995230283922382 	 3 	 4.0	0.0	3.0	0	1	-1	-1	2.0	-999	-999	2.6369 	3.4821 	-999	-999	2.5128 	3.9244 	-999	-999	2.699 	4.0357 	-999	-999	155
24	M13b	circle	8	0.18	-1	3 	 2.281664055649148 	 2 	 1.0	3.0	2.0	1	-1	1	-1	-999	-0.0	-999	2.1671 	3.5936 	-999	-999	2.0083 	3.3838 	-999	-999	2.1982 	3.3091 	-999	-999	117
25	M13b	circle	4	0.19	-1	3 	 2.962874354195772 	 2 	 0.0	3.0	1.0	0	-1	1	-1	-0.0	-999	-999	2.0289 	2.9306 	4.3 	-999	1.8502 	2.7346 	3.9982 	-999	1.8377 	2.6422 	3.3953 	-999	81
26	M13b	circle	4	0.34	-1	0 	 2.657162119166462 	 2 	 0.0	1.0	2.0	0	-1	1	-1	-1.0	-999	-999	2.3011 	3.0518 	-999	-999	2.3674 	3.4506 	-999	-999	2.2432 	2.7498 	3.9818 	-999	73
27	M13b	circle	8	0.72	1	0 	 2.438308012952651 	 2 	 4.0	-999.0	5.0	0	1	-1	-1	1.0	-999	-999	2.3069 	3.0068 	-999	-999	1.818 	2.8221 	-999	-999	2.3017 	3.0666 	-999	-999	129
28	M13b	circle	4	0.75	1	3 	 2.942505092549035 	 3 	 1.0	3.0	1.0	0	1	-1	-1	0.0	-999	-999	1.7581 	2.7799 	3.6691 	-999	2.4243 	3.4887 	-999	-999	1.7984 	2.4746 	3.9273 	-999	80
29	M13b	circle	8	0.22	1	3 	 2.6029582497052113 	 3 	 3.0	3.0	0.0	1	1	-1	-1	-999	0.0	-999	2.6263 	3.8503 	-999	-999	2.3764 	3.0046 	-999	-999	1.7051 	2.2226 	2.7237 	-999	138
30	M13b	circle	4	0.77	1	0 	 2.257245751890381 	 2 	 0.0	2.0	2.0	0	1	-1	-1	-2.0	-999	-999	1.8762 	3.286 	-999	-999	2.1939 	3.2302 	-999	-999	2.2438 	2.8735 	-999	-999	61
31	M13b	circle	8	0.59	-1	3 	 2.2507479312243746 	 2 	 1.0	-999.0	0.0	0	-1	1	-1	0.0	-999	-999	2.2368 	3.5297 	-999	-999	2.0249 	2.6173 	-999	-999	1.9891 	3.2265 	-999	-999	118
32	M13b	circle	4	0.62	-1	3 	 2.984967114334946 	 2 	 3.0	2.0	1.0	1	-1	1	-1	-999	-0.0	-999	2.3672 	3.6384 	-999	-999	2.1306 	3.0298 	3.6631 	-999	2.4519 	3.7081 	-999	-999	82
33	M13b	circle	4	0.19	-1	3 	 2.5014832011184076 	 3 	 3.0	3.0	0.0	1	-1	1	-1	-999	-0.0	-999	1.9301 	2.7669 	-999	-999	1.8806 	2.5783 	3.1322 	-999	2.108 	2.7227 	-999	-999	71
34	M13b	circle	4	0.33	1	3 	 2.7797177925513776 	 3 	 3.0	3.0	1.0	1	1	-1	-1	-999	-0.0	-999	2.1347 	3.6326 	-999	-999	1.9457 	2.7432 	3.944 	-999	2.4511 	3.9482 	-999	-999	78
35	M13b	circle	4	0.47	1	3 	 2.584380168732822 	 3 	 3.0	2.0	3.0	2	1	-1	-1	-999	-999	-0.0	2.4353 	3.4854 	-999	-999	1.7038 	3.1972 	-999	-999	1.7468 	2.4 	3.2674 	-999	70
36	M13b	circle	8	0.32	1	3 	 2.7995465739066625 	 2 	 -999.0	2.0	4.0	2	1	-1	-1	-999	-999	0.0	2.5615 	3.9022 	-999	-999	2.1295 	2.9812 	-999	-999	2.411 	2.9111 	-999	-999	148
37	M13b	circle	8	0.32	-1	3 	 2.491445194335555 	 2 	 6.0	6.0	4.0	1	-1	1	-1	-999	-0.0	-999	1.9786 	2.8616 	-999	-999	2.3989 	3.2605 	-999	-999	2.2759 	2.8437 	-999	-999	131
38	M13b	circle	4	0.33	-1	3 	 2.8613236419850647 	 3 	 1.0	1.0	0.0	2	-1	1	-1	-999	-999	0.0	2.184 	2.9966 	-999	-999	1.8756 	3.2474 	-999	-999	2.5533 	3.7391 	-999	-999	78
39	M13b	circle	4	0.48	-1	0 	 2.680574061826494 	 2 	 3.0	3.0	0.0	0	-1	1	-1	-1.0	-999	-999	2.4881 	3.0264 	-999	-999	2.6843 	3.8751 	-999	-999	2.6527 	4.0876 	-999	-999	74
40	M13b	circle	4	0.47	1	3 	 2.2539095117606642 	 3 	 1.0	2.0	2.0	2	1	-1	-1	-999	-999	0.0	2.4932 	-999	-999	-999	1.9803 	2.7215 	-999	-999	2.242 	2.9134 	-999	-999	62
41	M13b	circle	4	0.19	-1	0 	 2.7470216353466395 	 2 	 0.0	3.0	0.0	0	-1	1	-1	-1.0	-999	-999	1.8244 	2.4825 	3.8435 	-999	1.7686 	2.5043 	3.3133 	-999	2.1549 	2.8406 	3.6387 	-999	75
42	M13b	circle	8	0.42	-1	3 	 2.748130020579155 	 3 	 6.0	5.0	7.0	0	-1	1	-1	0.0	-999	-999	2.095 	2.8148 	3.795 	-999	2.0454 	3.2531 	-999	-999	2.0139 	3.3499 	-999	-999	144
43	M13b	circle	8	0.45	-1	0 	 2.664159709889213 	 2 	 7.0	5.0	7.0	2	-1	1	-1	-999	-999	2.0	1.7628 	3.1962 	-999	-999	2.232 	2.9267 	-999	-999	2.0554 	2.7867 	-999	-999	139
44	M13b	circle	4	0.33	-1	3 	 2.5035323460088326 	 3 	 2.0	3.0	0.0	1	-1	1	-1	-999	0.0	-999	2.429 	3.3926 	-999	-999	2.5582 	3.7406 	-999	-999	2.0809 	3.4021 	-999	-999	67
45	M13b	circle	8	0.22	-1	3 	 2.2995030322701107 	 3 	 0.0	3.0	3.0	2	-1	1	-1	-999	-999	-0.0	1.7602 	2.8075 	-999	-999	2.0856 	3.3743 	-999	-999	2.6965 	-999	-999	-999	122
46	M13b	circle	8	0.32	-1	3 	 2.2359236801764366 	 3 	 0.0	2.0	7.0	0	-1	1	-1	0.0	-999	-999	2.0064 	2.604 	-999	-999	2.0674 	3.1337 	-999	-999	1.7881 	3.0559 	-999	-999	118
47	M13b	circle	4	0.48	1	0 	 2.34384995794041 	 2 	 3.0	0.0	2.0	1	1	-1	-1	-999	1.0	-999	2.137 	2.6384 	-999	-999	2.5401 	-999	-999	-999	2.6795 	-999	-999	-999	65
48	M13b	circle	4	0.33	1	3 	 2.58568299205454 	 3 	 1.0	2.0	1.0	2	1	-1	-1	-999	-999	-0.0	2.5236 	3.5779 	-999	-999	2.6078 	3.1797 	-999	-999	2.6283 	3.3736 	-999	-999	69
49	M13b	circle	8	0.45	1	0 	 2.806277711990041 	 2 	 7.0	4.0	2.0	1	1	-1	-1	-999	1.0	-999	1.749 	2.7286 	3.932 	-999	2.5218 	4.0017 	-999	-999	2.2469 	3.5991 	-999	-999	149
50	M13b	circle	8	0.72	1	0 	 2.2735233084274578 	 2 	 2.0	1.0	5.0	0	1	-1	-1	-1.0	-999	-999	2.4704 	-999	-999	-999	2.0466 	3.1686 	-999	-999	2.2455 	3.2497 	-999	-999	119
51	M13b	circle	8	0.42	1	0 	 2.667051103987308 	 3 	 4.0	0.0	5.0	1	1	-1	-1	-999	1.0	-999	1.8948 	2.9246 	-999	-999	2.1077 	2.9945 	-999	-999	1.7745 	2.8615 	-999	-999	141
52	M13b	circle	4	0.19	-1	3 	 2.7363021809035337 	 3 	 0.0	2.0	1.0	0	-1	1	-1	-0.0	-999	-999	1.996 	2.5752 	3.1345 	-999	2.615 	3.9582 	-999	-999	1.9865 	3.1053 	-999	-999	76
53	M13b	circle	8	0.13	-1	3 	 2.8194300315490173 	 3 	 0.0	2.0	5.0	1	-1	1	-1	-999	-0.0	-999	1.7752 	2.6158 	3.6817 	-999	2.4954 	3.5929 	-999	-999	1.9755 	2.546 	3.4943 	-999	149
54	M13b	circle	8	0.59	1	0 	 2.2661407987747215 	 2 	 1.0	2.0	3.0	2	1	-1	-1	-999	-999	-2.0	1.7807 	2.7246 	-999	-999	2.2253 	3.4457 	-999	-999	2.2946 	3.0332 	-999	-999	118
55	M13b	circle	4	0.61	1	3 	 2.336944328125825 	 3 	 1.0	1.0	3.0	0	1	-1	-1	0.0	-999	-999	2.4956 	-999	-999	-999	2.6515 	-999	-999	-999	2.0209 	3.2903 	-999	-999	65
56	M13b	circle	4	0.75	1	3 	 2.675319263399335 	 3 	 3.0	2.0	0.0	1	1	-1	-1	-999	0.0	-999	1.8579 	3.2834 	-999	-999	2.334 	2.8805 	-999	-999	2.2211 	3.5482 	-999	-999	74
57	M13b	circle	4	0.61	-1	0 	 2.287316494539435 	 3 	 2.0	1.0	3.0	0	-1	1	-1	-1.0	-999	-999	1.9745 	2.953 	-999	-999	1.9049 	3.0175 	-999	-999	2.0339 	2.6946 	-999	-999	60
58	M13b	circle	8	0.32	-1	0 	 2.57193667426274 	 2 	 2.0	3.0	4.0	0	-1	1	-1	4.0	-999	-999	2.4059 	3.1959 	-999	-999	1.9046 	3.0709 	-999	-999	2.5832 	4.006 	-999	-999	135
59	M13b	circle	8	0.72	-1	0 	 2.948933282145747 	 2 	 2.0	4.0	0.0	2	-1	1	-1	-999	-999	2.0	2.0468 	2.9151 	4.2961 	-999	2.2855 	3.5658 	-999	-999	2.5977 	3.6697 	-999	-999	155
60	M13b	circle	8	0.32	1	3 	 2.403107610838992 	 3 	 5.0	2.0	3.0	1	1	-1	-1	-999	0.0	-999	1.8697 	2.4238 	3.1892 	-999	1.7239 	2.6093 	-999	-999	2.0747 	2.5801 	-999	-999	126
61	M13b	circle	8	0.22	1	3 	 2.9577145458261875 	 3 	 6.0	6.0	2.0	2	1	-1	-1	-999	-999	-0.0	2.6553 	3.7561 	-999	-999	1.7385 	2.989 	3.7709 	-999	1.9096 	2.7313 	3.4551 	-999	156
62	M13b	circle	4	0.47	-1	0 	 2.6570798011541905 	 3 	 0.0	0.0	2.0	0	-1	1	-1	-1.0	-999	-999	1.8244 	3.0325 	-999	-999	2.4443 	3.9378 	-999	-999	2.5221 	3.4843 	-999	-999	74
63	M13b	circle	8	0.51	1	0 	 2.573000493290672 	 3 	 1.0	6.0	5.0	0	1	-1	-1	-1.0	-999	-999	2.6293 	3.5734 	-999	-999	2.195 	3.3318 	-999	-999	1.7626 	3.001 	-999	-999	135
64	M13b	circle	4	0.48	-1	0 	 2.767284976425317 	 2 	 3.0	2.0	2.0	0	-1	1	-1	-2.0	-999	-999	1.9995 	2.9107 	-999	-999	2.3947 	3.1216 	-999	-999	2.258 	3.6812 	-999	-999	74
65	M13b	circle	4	0.77	1	0 	 2.9870449845489397 	 2 	 0.0	0.0	2.0	1	1	-1	-1	-999	-1.0	-999	2.2145 	3.4167 	-999	-999	1.7166 	2.761 	4.0308 	-999	2.0821 	3.1047 	-999	-999	78
66	M13b	circle	8	0.32	1	0 	 2.281775285523106 	 2 	 3.0	3.0	5.0	2	1	-1	-1	-999	-999	4.0	2.4725 	-999	-999	-999	2.2797 	3.7204 	-999	-999	2.5535 	-999	-999	-999	120
67	M13b	circle	4	0.34	-1	3 	 2.2059184128314824 	 2 	 2.0	1.0	0.0	2	-1	1	-1	-999	-999	-0.0	1.987 	3.4321 	-999	-999	1.7046 	2.8574 	-999	-999	2.2498 	3.6237 	-999	-999	58
68	M13b	circle	4	0.34	1	0 	 2.725514843130637 	 2 	 3.0	1.0	0.0	0	1	-1	-1	1.0	-999	-999	2.309 	3.1494 	-999	-999	2.1364 	3.4343 	-999	-999	1.9482 	2.9098 	-999	-999	77
69	M13b	circle	8	0.18	-1	0 	 2.6241582278653413 	 2 	 1.0	1.0	3.0	2	-1	1	-1	-999	-999	-3.0	2.4615 	3.2258 	-999	-999	2.3024 	2.9933 	-999	-999	2.1462 	3.5761 	-999	-999	138
70	M13b	circle	4	0.77	-1	3 	 2.8112985958972794 	 2 	 1.0	0.0	0.0	2	-1	1	-1	-999	-999	0.0	1.964 	3.1606 	-999	-999	2.6642 	3.4564 	-999	-999	2.5096 	3.3307 	-999	-999	75
71	M13b	circle	8	0.59	-1	3 	 2.34390841774309 	 2 	 2.0	5.0	3.0	0	-1	1	-1	-0.0	-999	-999	2.657 	-999	-999	-999	1.808 	2.5163 	-999	-999	2.3477 	3.4447 	-999	-999	122
72	M13b	circle	4	0.19	1	3 	 2.8823499679313453 	 3 	 1.0	0.0	3.0	0	1	-1	-1	-0.0	-999	-999	2.0717 	3.0352 	-999	-999	1.7811 	2.7751 	3.6372 	-999	2.2285 	3.5177 	-999	-999	83
73	M13b	circle	8	0.18	1	0 	 2.762552945198633 	 2 	 1.0	7.0	5.0	2	1	-1	-1	-999	-999	3.0	1.9865 	3.0424 	-999	-999	2.0581 	2.9642 	-999	-999	2.4296 	2.9661 	-999	-999	145
74	M13b	circle	4	0.75	-1	0 	 2.6778049843410474 	 3 	 2.0	2.0	0.0	2	-1	1	-1	-999	-999	2.0	1.762 	3.204 	-999	-999	1.7454 	2.9013 	-999	-999	2.6167 	3.1778 	-999	-999	69
75	M13b	circle	4	0.62	-1	3 	 2.8893464017958976 	 2 	 3.0	2.0	3.0	2	-1	1	-1	-999	-999	0.0	1.9723 	3.1877 	-999	-999	1.7119 	2.386 	3.2322 	-999	2.111 	3.3863 	-999	-999	83
76	M13b	circle	4	0.19	1	0 	 2.710970496672732 	 2 	 2.0	0.0	0.0	0	1	-1	-1	2.0	-999	-999	2.5625 	3.6878 	-999	-999	2.1925 	3.6531 	-999	-999	2.6483 	3.5475 	-999	-999	72
77	M13b	circle	8	0.51	-1	3 	 2.7691090600291055 	 3 	 3.0	1.0	5.0	1	-1	1	-1	-999	-0.0	-999	1.7282 	2.4146 	3.0264 	-999	1.7918 	2.7851 	3.7611 	-999	1.9651 	3.4553 	-999	-999	146
78	M13b	circle	8	0.13	1	0 	 2.7365346045609895 	 3 	 1.0	0.0	3.0	0	1	-1	-1	1.0	-999	-999	2.3492 	3.5783 	-999	-999	2.0617 	3.0841 	-999	-999	1.8877 	2.5731 	3.0782 	-999	144
79	M13b	circle	4	0.62	1	3 	 2.2043453609586154 	 2 	 0.0	2.0	0.0	0	1	-1	-1	0.0	-999	-999	2.5799 	-999	-999	-999	1.7625 	3.1278 	-999	-999	2.642 	-999	-999	-999	61
80	M13b	circle	4	0.62	1	3 	 2.401189912246431 	 2 	 0.0	2.0	2.0	1	1	-1	-1	-999	0.0	-999	2.0548 	3.2452 	-999	-999	1.8466 	2.8144 	-999	-999	1.8514 	2.9965 	-999	-999	61
81	M13b	circle	8	0.51	1	0 	 2.2873500317820072 	 3 	 5.0	7.0	5.0	2	1	-1	-1	-999	-999	-3.0	2.2665 	3.1865 	-999	-999	2.071 	3.3842 	-999	-999	2.3294 	2.9726 	-999	-999	115
82	M13b	circle	8	0.22	1	3 	 2.322664436033188 	 3 	 4.0	4.0	4.0	1	1	-1	-1	-999	0.0	-999	2.4371 	-999	-999	-999	2.2659 	3.3926 	-999	-999	1.8807 	3.2279 	-999	-999	117
83	M13b	circle	8	0.42	-1	0 	 2.8406089883687526 	 3 	 6.0	0.0	5.0	2	-1	1	-1	-999	-999	3.0	2.6918 	3.501 	-999	-999	1.8988 	2.9234 	4.0547 	-999	2.5768 	3.9397 	-999	-999	149
84	M13b	circle	8	0.13	1	0 	 2.7724252122536184 	 3 	 3.0	3.0	2.0	0	1	-1	-1	1.0	-999	-999	1.8517 	2.8417 	3.7681 	-999	2.2419 	3.5128 	-999	-999	2.3061 	3.7085 	-999	-999	146
85	M13b	circle	8	0.22	-1	3 	 2.608811469622163 	 3 	 1.0	1.0	3.0	0	-1	1	-1	-0.0	-999	-999	2.653 	3.563 	-999	-999	1.7764 	2.5188 	3.1478 	-999	2.2106 	3.2968 	-999	-999	137
86	M13b	circle	4	0.47	1	0 	 2.606103908322205 	 3 	 1.0	2.0	3.0	1	1	-1	-1	-999	-2.0	-999	2.0927 	2.7327 	-999	-999	2.1277 	2.9788 	-999	-999	1.716 	2.5003 	3.5955 	-999	69
87	M13b	circle	8	0.18	-1	3 	 2.634516745718774 	 2 	 6.0	7.0	4.0	0	-1	1	-1	0.0	-999	-999	2.3864 	3.0754 	-999	-999	2.6147 	3.8517 	-999	-999	2.4168 	3.6199 	-999	-999	138
88	M13b	circle	4	0.33	1	3 	 2.464535568275032 	 3 	 2.0	1.0	0.0	2	1	-1	-1	-999	-999	-0.0	1.9397 	2.5225 	3.9697 	-999	2.6792 	-999	-999	-999	2.6579 	-999	-999	-999	64
89	M13b	circle	4	0.61	1	3 	 2.5844299387157705 	 3 	 3.0	3.0	2.0	2	1	-1	-1	-999	-999	0.0	1.7946 	2.9485 	-999	-999	1.8616 	2.7624 	-999	-999	2.5461 	3.3769 	-999	-999	71
90	M13b	circle	4	0.75	-1	0 	 2.4894389143426467 	 3 	 2.0	0.0	1.0	1	-1	1	-1	-999	-2.0	-999	2.172 	2.9511 	-999	-999	1.8697 	3.0171 	-999	-999	1.7303 	2.29 	3.6825 	-999	65
91	M13b	circle	4	0.47	-1	0 	 2.2479973270068516 	 3 	 2.0	2.0	1.0	0	-1	1	-1	-2.0	-999	-999	2.1074 	2.8774 	-999	-999	2.2364 	3.1397 	-999	-999	2.4403 	-999	-999	-999	60
92	M13b	circle	4	0.77	-1	3 	 2.2576441086243104 	 2 	 1.0	0.0	3.0	2	-1	1	-1	-999	-999	-0.0	2.5369 	-999	-999	-999	2.3063 	3.6306 	-999	-999	2.6248 	-999	-999	-999	59
93	M13b	circle	4	0.19	-1	3 	 2.479520887459938 	 3 	 0.0	0.0	2.0	1	-1	1	-1	-999	-0.0	-999	2.0089 	2.5297 	3.7088 	-999	2.408 	3.227 	-999	-999	1.9297 	2.8045 	-999	-999	65
94	M13b	circle	8	0.13	-1	0 	 2.619407814548513 	 3 	 5.0	6.0	5.0	0	-1	1	-1	-1.0	-999	-999	1.8485 	2.9471 	-999	-999	1.8834 	2.4743 	3.1483 	-999	2.3917 	3.0458 	-999	-999	136
95	M13b	circle	8	0.59	-1	0 	 2.4191627443892245 	 2 	 7.0	4.0	3.0	0	-1	1	-1	-1.0	-999	-999	2.5198 	-999	-999	-999	2.0649 	2.9717 	-999	-999	1.813 	3.0643 	-999	-999	125
96	M13b	circle	4	0.48	-1	3 	 2.282507012783417 	 2 	 3.0	1.0	2.0	0	-1	1	-1	-0.0	-999	-999	2.4185 	-999	-999	-999	2.5943 	-999	-999	-999	2.1084 	3.021 	-999	-999	62
97	M13b	circle	8	0.51	-1	0 	 2.8988559641576708 	 3 	 5.0	4.0	3.0	1	-1	1	-1	-999	-1.0	-999	2.6202 	4.0965 	-999	-999	2.2719 	2.886 	3.8427 	-999	2.3442 	3.8276 	-999	-999	152
98	M13b	circle	8	0.72	1	3 	 2.5798073120461176 	 2 	 2.0	5.0	1.0	1	1	-1	-1	-999	0.0	-999	1.8105 	3.0366 	-999	-999	1.9092 	3.2928 	-999	-999	2.145 	3.2696 	-999	-999	134
99	M13b	circle	8	0.45	-1	0 	 2.4128684804575253 	 2 	 3.0	7.0	2.0	0	-1	1	-1	1.0	-999	-999	2.1288 	3.4262 	-999	-999	2.486 	3.3245 	-999	-999	1.8363 	3.3042 	-999	-999	125
100	M13b	circle	8	0.32	-1	3 	 2.4921681230476747 	 3 	 1.0	4.0	3.0	0	-1	1	-1	0.0	-999	-999	1.9987 	3.2857 	-999	-999	1.9663 	3.2057 	-999	-999	2.0882 	3.1562 	-999	-999	129
101	M13b	circle	8	0.32	1	0 	 2.6233126078601017 	 2 	 3.0	2.0	3.0	2	1	-1	-1	-999	-999	1.0	1.7397 	2.2992 	2.9801 	-999	2.1911 	2.8248 	-999	-999	2.1177 	2.8726 	-999	-999	136
102	M13b	circle	8	0.32	1	3 	 2.7449457502133905 	 3 	 7.0	7.0	4.0	2	1	-1	-1	-999	-999	0.0	2.226 	3.6284 	-999	-999	1.8658 	2.4199 	3.3776 	-999	2.3814 	3.0752 	-999	-999	144
103	M13b	circle	4	0.61	-1	3 	 2.2888096515261593 	 3 	 2.0	2.0	0.0	1	-1	1	-1	-999	0.0	-999	2.6182 	-999	-999	-999	2.6517 	-999	-999	-999	2.4764 	-999	-999	-999	58
104	M13b	circle	4	0.33	-1	0 	 2.763444939246992 	 3 	 0.0	0.0	1.0	2	-1	1	-1	-999	-999	1.0	2.6212 	3.6064 	-999	-999	2.2472 	2.9639 	-999	-999	2.0441 	3.3904 	-999	-999	70
105	M13b	circle	8	0.72	-1	0 	 2.429315640010368 	 2 	 1.0	7.0	1.0	0	-1	1	-1	2.0	-999	-999	2.4486 	3.1013 	-999	-999	2.3509 	3.2729 	-999	-999	2.1873 	3.2935 	-999	-999	125
106	M13b	circle	4	0.34	-1	3 	 2.538048872441819 	 2 	 2.0	1.0	2.0	0	-1	1	-1	0.0	-999	-999	1.8997 	2.5723 	3.5441 	-999	1.8935 	2.7922 	-999	-999	2.5812 	3.9693 	-999	-999	65
107	M13b	circle	4	0.19	1	0 	 2.3287608149736694 	 2 	 2.0	1.0	0.0	0	1	-1	-1	1.0	-999	-999	2.2166 	2.9732 	-999	-999	2.5566 	-999	-999	-999	2.3231 	3.542 	-999	-999	60
108	M13b	circle	8	0.45	1	3 	 2.558480151678146 	 2 	 3.0	2.0	2.0	2	1	-1	-1	-999	-999	0.0	2.6295 	3.2071 	-999	-999	2.6349 	3.3854 	-999	-999	1.918 	2.7852 	-999	-999	132
109	M13b	circle	8	0.59	1	3 	 2.99792676023838 	 2 	 2.0	4.0	6.0	2	1	-1	-1	-999	-999	-0.0	2.4238 	3.8145 	-999	-999	2.2792 	2.8901 	3.5515 	-999	1.7191 	2.893 	3.4448 	-999	155
110	M13b	circle	4	0.48	1	3 	 2.8933175597704857 	 2 	 2.0	1.0	1.0	2	1	-1	-1	-999	-999	0.0	1.7978 	2.4525 	3.1334 	-999	2.3196 	2.8772 	3.9768 	-999	2.3116 	3.4666 	-999	-999	79
111	M13b	circle	4	0.77	1	3 	 2.3539599100494506 	 2 	 3.0	1.0	3.0	1	1	-1	-1	-999	-0.0	-999	1.9915 	2.7115 	-999	-999	1.7251 	2.3073 	2.8979 	-999	2.6904 	-999	-999	-999	64
112	M13b	circle	8	0.42	1	3 	 2.39965050778832 	 3 	 2.0	0.0	2.0	0	1	-1	-1	-0.0	-999	-999	1.996 	3.3256 	-999	-999	2.0061 	2.567 	-999	-999	2.1954 	2.9489 	-999	-999	122
113	M13b	circle	8	0.18	1	3 	 2.7631330591015915 	 2 	 5.0	7.0	2.0	0	1	-1	-1	0.0	-999	-999	1.9155 	2.6923 	3.3386 	-999	1.9828 	3.4405 	-999	-999	2.578 	3.6421 	-999	-999	143
114	M13b	circle	4	0.19	1	3 	 2.867242884054823 	 3 	 3.0	0.0	1.0	2	1	-1	-1	-999	-999	0.0	2.3645 	3.1429 	-999	-999	1.7167 	2.2441 	3.493 	-999	2.3914 	2.9368 	4.3645 	-999	76
115	M13b	circle	4	0.19	-1	3 	 2.758024414962585 	 2 	 2.0	0.0	2.0	2	-1	1	-1	-999	-999	0.0	2.2685 	3.138 	-999	-999	2.4106 	3.1597 	-999	-999	2.0546 	2.8612 	-999	-999	72
116	M13b	circle	8	0.32	-1	3 	 2.829684200297125 	 2 	 2.0	5.0	3.0	1	-1	1	-1	-999	-0.0	-999	1.8516 	2.6638 	3.3821 	-999	2.5799 	3.5103 	-999	-999	1.7545 	2.6786 	4.0858 	-999	148
117	M13b	circle	4	0.62	-1	3 	 2.282978078564605 	 2 	 0.0	2.0	2.0	1	-1	1	-1	-999	-0.0	-999	1.9734 	2.8777 	-999	-999	2.0299 	2.6405 	-999	-999	2.3061 	2.9041 	-999	-999	56
118	M13b	circle	4	0.75	1	3 	 2.640014862543929 	 3 	 2.0	1.0	1.0	2	1	-1	-1	-999	-999	0.0	2.171 	3.1774 	-999	-999	2.6382 	3.3114 	-999	-999	1.8566 	2.8993 	-999	-999	69
119	M13b	circle	4	0.34	1	0 	 2.812778019798929 	 2 	 2.0	2.0	1.0	1	1	-1	-1	-999	-2.0	-999	1.978 	2.8545 	3.4086 	-999	2.3118 	3.3163 	-999	-999	2.5565 	3.4738 	-999	-999	74
