trialnum	subject	basicShape	numObjects	speed	initialDirRing0	orderCorrect	trialDurTotal	numTargets	whichIsTargetEachRing0	whichIsTargetEachRing1	whichIsTargetEachRing2	ringToQuery	Direction0	Direction1	Direction2	respAdj0	respAdj1	respAdj2	rev0_0	rev0_1	rev0_2	rev0_3	rev1_0	rev1_1	rev1_2	rev1_3	rev2_0	rev2_1	rev2_2	rev2_3	timingBlips
0	M13c	circle	4	0.33	-1	0 	 2.6546354153471787 	 3 	 2.0	1.0	2.0	0	-1	1	-1	-1.0	-999	-999	1.8109 	2.5287 	3.7021 	-999	1.7728 	2.9288 	-999	-999	2.3132 	3.0079 	-999	-999	74
1	M13c	circle	4	0.19	1	3 	 2.2785437033251217 	 3 	 0.0	2.0	0.0	1	1	-1	-1	-999	0.0	-999	2.5143 	-999	-999	-999	1.8934 	2.5318 	-999	-999	2.283 	3.2966 	-999	-999	63
2	M13c	circle	8	0.32	-1	0 	 2.523442543727512 	 2 	 -999.0	4.0	6.0	1	-1	1	-1	-999	-2.0	-999	2.641 	-999	-999	-999	2.6094 	3.8211 	-999	-999	2.102 	3.0386 	-999	-999	135
3	M13c	circle	8	0.18	-1	3 	 2.435033761602647 	 2 	 -999.0	1.0	7.0	1	-1	1	-1	-999	-0.0	-999	1.9866 	2.8196 	-999	-999	2.3032 	3.388 	-999	-999	2.3117 	3.1894 	-999	-999	131
4	M13c	circle	4	0.77	1	3 	 2.480164489452379 	 2 	 3.0	3.0	-999.0	0	1	-1	-1	-0.0	-999	-999	1.8712 	3.2077 	-999	-999	2.029 	2.6834 	-999	-999	2.4667 	3.4455 	-999	-999	70
5	M13c	circle	8	0.59	-1	3 	 2.3704921756065644 	 2 	 3.0	-999.0	4.0	2	-1	1	-1	-999	-999	0.0	2.302 	2.8089 	-999	-999	2.5909 	-999	-999	-999	2.3572 	3.4755 	-999	-999	127
6	M13c	circle	4	0.62	1	3 	 2.3036553732628327 	 2 	 -999.0	2.0	0.0	1	1	-1	-1	-999	0.0	-999	2.6324 	-999	-999	-999	1.8591 	3.1291 	-999	-999	2.0847 	2.6971 	-999	-999	62
7	M13c	circle	8	0.72	1	0 	 2.498409193848227 	 2 	 -999.0	4.0	7.0	1	1	-1	-1	-999	-1.0	-999	2.4463 	3.4919 	-999	-999	2.6074 	-999	-999	-999	2.0752 	3.1389 	-999	-999	132
8	M13c	circle	4	0.34	-1	3 	 2.9946862139432966 	 2 	 -999.0	0.0	3.0	1	-1	1	-1	-999	-0.0	-999	2.2304 	3.6323 	-999	-999	2.4615 	3.4419 	-999	-999	1.9603 	3.0756 	4.1759 	-999	82
9	M13c	circle	4	0.47	-1	0 	 2.285967624738148 	 3 	 2.0	3.0	0.0	0	-1	1	-1	1.0	-999	-999	2.1926 	3.1517 	-999	-999	1.9211 	3.3697 	-999	-999	2.5879 	-999	-999	-999	61
10	M13c	circle	4	0.47	1	3 	 2.373515508798255 	 3 	 0.0	3.0	2.0	0	1	-1	-1	0.0	-999	-999	2.4465 	3.2047 	-999	-999	2.5134 	-999	-999	-999	2.2827 	2.8579 	-999	-999	64
11	M13c	circle	8	0.32	-1	0 	 2.993127751987599 	 3 	 0.0	2.0	4.0	2	-1	1	-1	-999	-999	1.0	2.1983 	3.6164 	-999	-999	2.2054 	2.8461 	4.1483 	-999	2.0866 	3.3987 	-999	-999	162
12	M13c	circle	8	0.13	-1	3 	 2.2045793984400075 	 3 	 3.0	2.0	3.0	0	-1	1	-1	0.0	-999	-999	1.7105 	2.6016 	-999	-999	1.7941 	2.4196 	-999	-999	2.3001 	3.5132 	-999	-999	116
13	M13c	circle	8	0.72	-1	0 	 2.8089323468277523 	 2 	 7.0	4.0	5.0	0	-1	1	-1	-1.0	-999	-999	1.9392 	2.6712 	3.3871 	-999	2.1275 	2.8994 	4.0422 	-999	2.0557 	3.3026 	-999	-999	152
14	M13c	circle	4	0.61	1	0 	 2.569456324974661 	 3 	 1.0	0.0	2.0	1	1	-1	-1	-999	1.0	-999	2.658 	3.1848 	-999	-999	2.1324 	2.9042 	-999	-999	2.3313 	3.3956 	-999	-999	70
15	M13c	circle	8	0.18	1	3 	 2.719930686746674 	 2 	 1.0	1.0	7.0	0	1	-1	-1	-0.0	-999	-999	2.364 	3.525 	-999	-999	2.14 	3.0364 	-999	-999	2.3283 	3.3166 	-999	-999	145
16	M13c	circle	4	0.75	1	3 	 2.8516042999715583 	 3 	 1.0	2.0	2.0	1	1	-1	-1	-999	0.0	-999	2.6761 	4.1326 	-999	-999	2.1562 	2.8977 	4.0881 	-999	2.1202 	2.7464 	3.6878 	-999	78
17	M13c	circle	4	0.61	-1	3 	 2.4100189550859294 	 3 	 0.0	1.0	2.0	1	-1	1	-1	-999	-0.0	-999	2.3675 	2.9871 	-999	-999	2.1408 	3.3571 	-999	-999	2.6765 	-999	-999	-999	66
18	M13c	circle	4	0.48	-1	0 	 2.4661230015678126 	 2 	 0.0	3.0	-999.0	0	-1	1	-1	2.0	-999	-999	2.0993 	3.0258 	-999	-999	2.6266 	-999	-999	-999	2.6546 	-999	-999	-999	68
19	M13c	circle	4	0.19	-1	3 	 2.8897497393266804 	 3 	 0.0	3.0	3.0	0	-1	1	-1	0.0	-999	-999	2.5422 	3.2399 	-999	-999	2.2269 	2.8197 	4.1573 	-999	2.2345 	3.7026 	-999	-999	79
20	M13c	circle	4	0.34	1	3 	 2.2698519640377195 	 2 	 1.0	1.0	3.0	1	1	-1	-1	-999	0.0	-999	2.3713 	-999	-999	-999	1.9309 	3.235 	-999	-999	1.857 	2.5578 	-999	-999	62
21	M13c	circle	8	0.51	-1	3 	 2.417271182577802 	 3 	 3.0	6.0	5.0	1	-1	1	-1	-999	-0.0	-999	2.5378 	-999	-999	-999	1.8121 	2.9609 	-999	-999	2.5507 	-999	-999	-999	129
22	M13c	circle	8	0.22	-1	3 	 2.5327255024295376 	 3 	 6.0	0.0	7.0	0	-1	1	-1	0.0	-999	-999	2.1096 	2.6512 	-999	-999	2.3692 	3.8131 	-999	-999	2.1715 	3.4589 	-999	-999	135
23	M13c	circle	4	0.33	1	3 	 2.2678166914695006 	 3 	 3.0	0.0	0.0	0	1	-1	-1	0.0	-999	-999	2.378 	-999	-999	-999	1.7576 	3.0639 	-999	-999	2.0108 	3.3573 	-999	-999	60
24	M13c	circle	8	0.42	-1	0 	 2.3065110442973156 	 3 	 0.0	0.0	7.0	2	-1	1	-1	-999	-999	-2.0	2.3356 	3.1327 	-999	-999	2.3529 	3.4277 	-999	-999	2.3286 	3.4181 	-999	-999	123
25	M13c	circle	8	0.45	1	3 	 2.946871334886393 	 2 	 7.0	-999.0	3.0	2	1	-1	-1	-999	-999	0.0	2.2821 	3.668 	-999	-999	1.9222 	2.7694 	3.3721 	-999	1.8825 	3.1075 	-999	-999	159
26	M13c	circle	4	0.75	-1	3 	 2.4178450379038487 	 3 	 0.0	3.0	3.0	1	-1	1	-1	-999	-0.0	-999	1.7084 	2.8712 	-999	-999	2.028 	3.023 	-999	-999	2.1826 	3.5056 	-999	-999	65
27	M13c	circle	4	0.19	-1	3 	 2.3388027999195176 	 2 	 3.0	1.0	-999.0	0	-1	1	-1	0.0	-999	-999	2.1892 	2.7985 	-999	-999	2.1566 	2.9738 	-999	-999	2.3489 	3.4059 	-999	-999	62
28	M13c	circle	4	0.62	-1	0 	 2.4616312408920797 	 2 	 2.0	2.0	0.0	1	-1	1	-1	-999	1.0	-999	2.6709 	-999	-999	-999	2.299 	3.5862 	-999	-999	2.5086 	3.2037 	-999	-999	67
29	M13c	circle	4	0.77	-1	0 	 2.3161053795346356 	 2 	 3.0	2.0	0.0	2	-1	1	-1	-999	-999	2.0	2.3913 	3.5916 	-999	-999	2.6055 	-999	-999	-999	1.8882 	2.4349 	-999	-999	66
30	M13c	circle	8	0.45	-1	3 	 2.213091071516696 	 2 	 3.0	-999.0	2.0	2	-1	1	-1	-999	-999	0.0	2.2662 	3.1138 	-999	-999	1.9269 	2.6473 	-999	-999	1.7853 	2.6385 	-999	-999	117
31	M13c	circle	8	0.42	1	3 	 2.416497840960376 	 3 	 0.0	0.0	2.0	0	1	-1	-1	-0.0	-999	-999	2.1342 	3.0329 	-999	-999	2.2706 	3.4041 	-999	-999	1.7435 	3.1251 	-999	-999	128
32	M13c	circle	8	0.32	1	3 	 2.8686298860781774 	 2 	 1.0	4.0	3.0	2	1	-1	-1	-999	-999	0.0	1.8753 	3.3169 	-999	-999	2.3045 	2.8346 	4.0888 	-999	2.6083 	4.0183 	-999	-999	152
33	M13c	circle	8	0.59	1	0 	 2.34940045412931 	 2 	 3.0	3.0	1.0	2	1	-1	-1	-999	-999	1.0	2.4495 	-999	-999	-999	2.5315 	-999	-999	-999	1.9985 	3.4711 	-999	-999	124
34	M13c	circle	4	0.19	1	3 	 2.294082002642874 	 2 	 3.0	1.0	2.0	0	1	-1	-1	0.0	-999	-999	2.519 	-999	-999	-999	2.2378 	3.1634 	-999	-999	2.1356 	3.2008 	-999	-999	60
35	M13c	circle	4	0.48	1	3 	 2.467248141229713 	 2 	 0.0	0.0	-999.0	1	1	-1	-1	-999	0.0	-999	1.7907 	3.2262 	-999	-999	2.2549 	3.0047 	-999	-999	2.4337 	2.9957 	-999	-999	67
36	M13c	circle	8	0.32	1	3 	 2.47105575608196 	 3 	 2.0	3.0	4.0	0	1	-1	-1	-0.0	-999	-999	2.2423 	3.3793 	-999	-999	2.1776 	3.4877 	-999	-999	2.1601 	3.2387 	-999	-999	131
37	M13c	circle	8	0.22	1	3 	 2.2534157867553866 	 3 	 6.0	7.0	2.0	1	1	-1	-1	-999	0.0	-999	2.0636 	3.1818 	-999	-999	1.8081 	3.2963 	-999	-999	2.0647 	2.7952 	-999	-999	120
38	M13c	circle	8	0.13	1	3 	 2.657579633034448 	 3 	 5.0	4.0	7.0	0	1	-1	-1	-0.0	-999	-999	1.7169 	2.9941 	-999	-999	2.035 	2.9942 	-999	-999	2.1922 	3.4693 	-999	-999	142
39	M13c	circle	8	0.51	1	0 	 2.400618573019273 	 3 	 1.0	6.0	2.0	2	1	-1	-1	-999	-999	2.0	2.3792 	3.2903 	-999	-999	1.9384 	2.5629 	-999	-999	1.9671 	2.8357 	-999	-999	126
40	M13c	circle	4	0.61	1	3 	 2.5798855988940517 	 3 	 1.0	3.0	1.0	2	1	-1	-1	-999	-999	0.0	2.3326 	3.3769 	-999	-999	2.0636 	3.0268 	-999	-999	2.068 	3.21 	-999	-999	70
41	M13c	circle	8	0.42	-1	3 	 2.611572311637156 	 3 	 6.0	3.0	5.0	2	-1	1	-1	-999	-999	0.0	1.7725 	2.7294 	-999	-999	2.5222 	3.5026 	-999	-999	2.2902 	2.8199 	-999	-999	138
42	M13c	circle	4	0.33	-1	0 	 2.2002156534940767 	 3 	 1.0	1.0	1.0	0	-1	1	-1	1.0	-999	-999	2.1082 	3.0452 	-999	-999	1.9494 	2.7181 	-999	-999	1.7438 	2.9084 	-999	-999	59
43	M13c	circle	8	0.13	1	3 	 2.2470697705967417 	 3 	 2.0	1.0	4.0	2	1	-1	-1	-999	-999	0.0	1.9164 	3.1468 	-999	-999	2.0753 	3.4216 	-999	-999	1.8102 	2.7299 	-999	-999	119
44	M13c	circle	8	0.22	1	3 	 2.4318816200152553 	 3 	 5.0	1.0	4.0	1	1	-1	-1	-999	-0.0	-999	2.5967 	-999	-999	-999	2.6202 	-999	-999	-999	2.3712 	3.232 	-999	-999	129
45	M13c	circle	8	0.72	-1	3 	 2.6609669730891934 	 2 	 3.0	4.0	7.0	0	-1	1	-1	0.0	-999	-999	1.8718 	2.7956 	-999	-999	2.6978 	3.5336 	-999	-999	2.5919 	3.9011 	-999	-999	141
46	M13c	circle	8	0.45	1	3 	 2.690965537899479 	 2 	 1.0	-999.0	4.0	0	1	-1	-1	0.0	-999	-999	2.0704 	2.6069 	3.7651 	-999	2.0317 	2.5558 	3.7481 	-999	2.5942 	3.6126 	-999	-999	144
47	M13c	circle	8	0.32	1	3 	 2.4589391356971073 	 3 	 3.0	4.0	3.0	1	1	-1	-1	-999	0.0	-999	2.2202 	3.0276 	-999	-999	2.305 	2.9787 	-999	-999	2.0357 	3.2553 	-999	-999	131
48	M13c	circle	8	0.18	-1	3 	 2.3758111163616076 	 2 	 7.0	1.0	1.0	0	-1	1	-1	-0.0	-999	-999	2.5635 	-999	-999	-999	2.1135 	3.3831 	-999	-999	2.6469 	-999	-999	-999	127
49	M13c	circle	4	0.77	1	0 	 2.8022453173723836 	 2 	 1.0	0.0	0.0	1	1	-1	-1	-999	-1.0	-999	2.1432 	3.4939 	-999	-999	1.8673 	2.6822 	3.2768 	-999	2.2512 	3.3206 	-999	-999	78
50	M13c	circle	4	0.61	-1	0 	 2.3733851918500615 	 3 	 1.0	2.0	3.0	2	-1	1	-1	-999	-999	1.0	1.8951 	2.4372 	3.1894 	-999	2.3012 	2.8642 	-999	-999	2.1488 	3.392 	-999	-999	57
51	M13c	circle	4	0.33	1	3 	 2.8287712818535273 	 3 	 1.0	0.0	0.0	0	1	-1	-1	-0.0	-999	-999	1.7491 	3.0831 	-999	-999	2.2149 	3.2941 	-999	-999	2.6432 	4.085 	-999	-999	71
52	M13c	circle	8	0.32	-1	3 	 2.55243676003408 	 3 	 0.0	5.0	4.0	2	-1	1	-1	-999	-999	-0.0	2.5514 	3.837 	-999	-999	2.2483 	3.0142 	-999	-999	2.6893 	-999	-999	-999	135
53	M13c	circle	4	0.19	-1	3 	 2.758044625027139 	 2 	 1.0	3.0	2.0	1	-1	1	-1	-999	-0.0	-999	2.0155 	3.2435 	-999	-999	2.5267 	3.9637 	-999	-999	2.3228 	3.7965 	-999	-999	75
54	M13c	circle	8	0.32	-1	3 	 2.824737207237597 	 2 	 1.0	4.0	5.0	2	-1	1	-1	-999	-999	0.0	1.7872 	3.2662 	-999	-999	2.3718 	3.376 	-999	-999	2.1932 	3.017 	-999	-999	151
55	M13c	circle	8	0.42	1	0 	 2.3076392087868407 	 3 	 3.0	0.0	2.0	2	1	-1	-1	-999	-999	-1.0	1.9236 	2.4474 	-999	-999	2.2057 	3.2011 	-999	-999	2.4027 	3.45 	-999	-999	121
56	M13c	circle	4	0.19	-1	3 	 2.984935373017839 	 3 	 1.0	1.0	1.0	1	-1	1	-1	-999	0.0	-999	2.6891 	3.8959 	-999	-999	2.2351 	2.9556 	3.8117 	-999	1.7301 	3.1023 	-999	-999	80
57	M13c	circle	4	0.62	1	0 	 2.6864007818323548 	 2 	 0.0	2.0	1.0	0	1	-1	-1	1.0	-999	-999	2.6818 	3.5302 	-999	-999	1.8828 	3.2421 	-999	-999	2.5213 	3.8275 	-999	-999	73
58	M13c	circle	8	0.32	1	0 	 2.339947084907736 	 2 	 7.0	4.0	0.0	0	1	-1	-1	-1.0	-999	-999	1.772 	2.8574 	-999	-999	2.5725 	-999	-999	-999	1.814 	2.6407 	-999	-999	123
59	M13c	circle	4	0.47	-1	3 	 2.385172673753172 	 3 	 0.0	2.0	0.0	1	-1	1	-1	-999	0.0	-999	2.6575 	-999	-999	-999	2.6935 	-999	-999	-999	2.1587 	3.2811 	-999	-999	65
60	M13c	circle	8	0.51	-1	0 	 2.93311885256445 	 3 	 0.0	3.0	5.0	2	-1	1	-1	-999	-999	1.0	1.9952 	3.3174 	-999	-999	2.4827 	3.7119 	-999	-999	1.7325 	2.8616 	4.3575 	-999	155
61	M13c	circle	4	0.48	-1	3 	 2.3227760028626667 	 2 	 3.0	0.0	2.0	2	-1	1	-1	-999	-999	0.0	2.6568 	-999	-999	-999	1.972 	2.9906 	-999	-999	1.9519 	2.8832 	-999	-999	64
62	M13c	circle	4	0.75	1	0 	 2.806133570684283 	 3 	 2.0	0.0	1.0	0	1	-1	-1	1.0	-999	-999	2.0585 	3.1192 	-999	-999	2.68 	3.4971 	-999	-999	1.8232 	3.199 	-999	-999	76
63	M13c	circle	4	0.47	1	0 	 2.855907499699095 	 3 	 0.0	2.0	1.0	0	1	-1	-1	-1.0	-999	-999	1.9515 	2.9922 	-999	-999	2.5953 	3.2461 	-999	-999	2.2061 	3.6859 	-999	-999	76
64	M13c	circle	8	0.59	1	3 	 2.2264642525747256 	 2 	 2.0	3.0	2.0	0	1	-1	-1	0.0	-999	-999	2.3931 	-999	-999	-999	1.9063 	3.062 	-999	-999	2.175 	3.6543 	-999	-999	116
65	M13c	circle	4	0.19	1	3 	 2.62974282097386 	 2 	 1.0	3.0	2.0	0	1	-1	-1	-0.0	-999	-999	1.8981 	3.1616 	-999	-999	1.8631 	2.5233 	3.997 	-999	2.0361 	3.0999 	-999	-999	75
66	M13c	circle	4	0.75	-1	3 	 2.70113741924806 	 3 	 1.0	2.0	3.0	2	-1	1	-1	-999	-999	0.0	1.8214 	3.1163 	-999	-999	2.2297 	3.6377 	-999	-999	1.9081 	2.8758 	-999	-999	73
67	M13c	circle	8	0.18	1	3 	 2.70220580111029 	 2 	 7.0	7.0	3.0	2	1	-1	-1	-999	-999	0.0	2.2635 	3.3708 	-999	-999	1.902 	2.8546 	-999	-999	2.1967 	3.1473 	-999	-999	142
68	M13c	circle	4	0.34	1	3 	 2.925821548351142 	 2 	 1.0	3.0	0.0	1	1	-1	-1	-999	0.0	-999	1.9287 	3.2646 	-999	-999	2.312 	3.1399 	-999	-999	1.8661 	3.0273 	-999	-999	85
69	M13c	circle	4	0.77	-1	0 	 2.712615704442882 	 2 	 1.0	3.0	1.0	1	-1	1	-1	-999	2.0	-999	2.5936 	3.1692 	-999	-999	2.6399 	3.8243 	-999	-999	2.2475 	3.1283 	-999	-999	75
70	M13c	circle	8	0.72	1	0 	 2.676958554797416 	 2 	 3.0	7.0	5.0	2	1	-1	-1	-999	-999	2.0	2.0631 	2.5818 	3.8544 	-999	2.6158 	3.3798 	-999	-999	2.4085 	3.4003 	-999	-999	142
71	M13c	circle	4	0.34	-1	3 	 2.75914666858035 	 2 	 2.0	3.0	3.0	2	-1	1	-1	-999	-999	0.0	2.4011 	3.3794 	-999	-999	2.5239 	3.2615 	-999	-999	2.44 	3.9387 	-999	-999	73
72	M13c	circle	8	0.59	-1	0 	 2.403313703224791 	 2 	 0.0	3.0	2.0	0	-1	1	-1	1.0	-999	-999	2.1625 	3.5044 	-999	-999	2.1449 	3.4253 	-999	-999	1.8794 	2.7681 	-999	-999	126
73	M13c	circle	4	0.19	1	3 	 2.301605867286097 	 3 	 0.0	1.0	0.0	2	1	-1	-1	-999	-999	-0.0	1.9797 	3.248 	-999	-999	2.5948 	-999	-999	-999	2.5425 	-999	-999	-999	61
74	M13c	circle	8	0.51	1	0 	 2.9914640045346985 	 3 	 6.0	5.0	3.0	2	1	-1	-1	-999	-999	1.0	1.7543 	3.0849 	3.7807 	-999	2.5271 	3.7342 	-999	-999	2.3757 	3.8479 	-999	-999	158
75	M13c	circle	8	0.45	-1	0 	 2.481444812893958 	 2 	 2.0	0.0	4.0	0	-1	1	-1	-3.0	-999	-999	2.6377 	-999	-999	-999	2.2006 	2.9204 	-999	-999	2.0366 	3.1998 	-999	-999	131
76	M13c	circle	4	0.62	-1	3 	 2.2578538611294077 	 2 	 0.0	0.0	0.0	1	-1	1	-1	-999	-0.0	-999	2.6065 	-999	-999	-999	1.9017 	3.1087 	-999	-999	2.4305 	-999	-999	-999	60
77	M13c	circle	4	0.48	1	3 	 2.6411200103650327 	 2 	 3.0	0.0	2.0	1	1	-1	-1	-999	0.0	-999	2.3735 	3.0503 	-999	-999	2.4328 	3.5588 	-999	-999	2.553 	3.8447 	-999	-999	72
78	M13c	circle	8	0.22	-1	3 	 2.2654464054465002 	 3 	 1.0	4.0	1.0	0	-1	1	-1	0.0	-999	-999	2.1665 	3.2587 	-999	-999	2.0531 	3.2799 	-999	-999	1.8293 	2.725 	-999	-999	118
79	M13c	circle	8	0.13	-1	0 	 2.672732407806624 	 3 	 7.0	2.0	5.0	0	-1	1	-1	1.0	-999	-999	2.6826 	3.9317 	-999	-999	1.7859 	2.4952 	3.6176 	-999	2.6924 	3.9738 	-999	-999	141
80	M13c	circle	4	0.48	-1	3 	 2.538490266394205 	 2 	 3.0	3.0	2.0	0	-1	1	-1	0.0	-999	-999	2.2402 	3.2729 	-999	-999	2.3882 	3.1679 	-999	-999	2.2986 	3.4583 	-999	-999	73
81	M13c	circle	8	0.59	1	0 	 2.50919776746915 	 2 	 0.0	6.0	3.0	2	1	-1	-1	-999	-999	2.0	2.4089 	2.9854 	-999	-999	2.4805 	3.1445 	-999	-999	2.1788 	3.0879 	-999	-999	131
82	M13c	circle	4	0.19	-1	3 	 2.490808978866106 	 2 	 2.0	3.0	1.0	2	-1	1	-1	-999	-999	0.0	2.6541 	-999	-999	-999	2.5025 	3.6333 	-999	-999	1.9582 	3.1797 	-999	-999	68
83	M13c	circle	4	0.75	-1	3 	 2.386919160034772 	 3 	 0.0	2.0	3.0	2	-1	1	-1	-999	-999	0.0	1.8595 	2.572 	-999	-999	2.0754 	2.8523 	-999	-999	2.3659 	3.3954 	-999	-999	69
84	M13c	circle	4	0.48	1	0 	 2.7770581427532774 	 2 	 3.0	3.0	3.0	2	1	-1	-1	-999	-999	-1.0	2.0028 	2.6313 	3.5802 	-999	2.1166 	3.3376 	-999	-999	1.9942 	3.2281 	-999	-999	74
85	M13c	circle	4	0.33	1	3 	 2.395659661701927 	 3 	 2.0	3.0	0.0	2	1	-1	-1	-999	-999	0.0	2.0549 	2.6802 	-999	-999	2.6668 	-999	-999	-999	1.8626 	2.8656 	-999	-999	66
86	M13c	circle	8	0.72	1	0 	 2.787649108196041 	 2 	 3.0	7.0	6.0	0	1	-1	-1	4.0	-999	-999	1.8961 	2.7101 	3.4025 	-999	1.9856 	3.4222 	-999	-999	1.7717 	2.9111 	-999	-999	147
87	M13c	circle	4	0.19	1	3 	 2.8340742482280206 	 3 	 2.0	3.0	0.0	0	1	-1	-1	-0.0	-999	-999	2.6571 	4.0323 	-999	-999	2.3462 	3.0215 	-999	-999	2.6824 	4.0096 	-999	-999	75
88	M13c	circle	4	0.61	-1	3 	 2.4328931967972665 	 3 	 0.0	2.0	0.0	0	-1	1	-1	0.0	-999	-999	1.9459 	2.6034 	-999	-999	2.1905 	3.572 	-999	-999	1.8769 	3.3707 	-999	-999	66
89	M13c	circle	8	0.42	-1	0 	 2.490651945182245 	 3 	 4.0	4.0	7.0	1	-1	1	-1	-999	1.0	-999	2.48 	3.3827 	-999	-999	2.1151 	3.2584 	-999	-999	2.1424 	3.5596 	-999	-999	129
90	M13c	circle	4	0.34	-1	3 	 2.502550896938979 	 2 	 2.0	3.0	1.0	2	-1	1	-1	-999	-999	0.0	2.4681 	3.1013 	-999	-999	1.9292 	2.7769 	-999	-999	2.2725 	3.6768 	-999	-999	65
91	M13c	circle	8	0.51	1	0 	 2.3850994034016013 	 3 	 1.0	2.0	5.0	0	1	-1	-1	-1.0	-999	-999	2.6736 	-999	-999	-999	2.3184 	3.1988 	-999	-999	2.5219 	-999	-999	-999	124
92	M13c	circle	4	0.47	1	3 	 2.3612277956181824 	 3 	 2.0	2.0	1.0	1	1	-1	-1	-999	0.0	-999	2.222 	3.3854 	-999	-999	1.7218 	2.454 	3.1964 	-999	2.4119 	3.0896 	-999	-999	63
93	M13c	circle	4	0.75	1	3 	 2.7866237548853925 	 3 	 1.0	3.0	0.0	2	1	-1	-1	-999	-999	0.0	2.6788 	4.0034 	-999	-999	1.9716 	3.214 	-999	-999	2.0138 	2.8365 	3.827 	-999	79
94	M13c	circle	8	0.13	-1	3 	 2.6533990686895748 	 3 	 6.0	5.0	6.0	0	-1	1	-1	-0.0	-999	-999	2.6558 	3.5572 	-999	-999	2.417 	3.7355 	-999	-999	1.7613 	3.046 	-999	-999	138
95	M13c	circle	8	0.22	1	0 	 2.443647605107073 	 3 	 5.0	1.0	4.0	2	1	-1	-1	-999	-999	1.0	2.0226 	2.6777 	-999	-999	1.8813 	3.0246 	-999	-999	1.9725 	3.1246 	-999	-999	127
96	M13c	circle	4	0.33	-1	3 	 2.4360678126088056 	 3 	 0.0	1.0	1.0	1	-1	1	-1	-999	-0.0	-999	2.498 	3.8035 	-999	-999	1.7473 	2.5378 	-999	-999	2.0233 	3.5134 	-999	-999	68
97	M13c	circle	8	0.59	-1	3 	 2.6209509201380548 	 2 	 3.0	1.0	3.0	0	-1	1	-1	0.0	-999	-999	2.4844 	3.0696 	-999	-999	2.0442 	2.8908 	-999	-999	2.0038 	2.9313 	-999	-999	136
98	M13c	circle	8	0.45	-1	3 	 2.3099881172675 	 2 	 7.0	3.0	4.0	1	-1	1	-1	-999	-0.0	-999	1.7092 	2.2828 	3.729 	-999	1.8425 	3.3097 	-999	-999	1.8011 	2.8743 	-999	-999	119
99	M13c	circle	8	0.32	1	3 	 2.4599445606871027 	 3 	 4.0	4.0	1.0	2	1	-1	-1	-999	-999	-0.0	2.3348 	3.6689 	-999	-999	2.1038 	2.8308 	-999	-999	2.5349 	3.3389 	-999	-999	128
100	M13c	circle	8	0.72	-1	0 	 2.2760984836379974 	 2 	 0.0	5.0	6.0	0	-1	1	-1	-4.0	-999	-999	2.3773 	-999	-999	-999	2.6646 	-999	-999	-999	2.6639 	-999	-999	-999	117
101	M13c	circle	8	0.32	-1	3 	 2.759419754414542 	 3 	 5.0	7.0	0.0	2	-1	1	-1	-999	-999	0.0	2.6484 	3.3863 	-999	-999	1.9917 	2.8317 	3.3323 	-999	1.9826 	2.8768 	-999	-999	144
102	M13c	circle	8	0.51	-1	0 	 2.4125711261900027 	 3 	 0.0	1.0	4.0	0	-1	1	-1	1.0	-999	-999	2.2901 	2.8456 	-999	-999	2.5757 	-999	-999	-999	2.4872 	3.0352 	-999	-999	126
103	M13c	circle	4	0.77	1	0 	 2.3832015393393595 	 2 	 2.0	3.0	1.0	2	1	-1	-1	-999	-999	-2.0	2.3874 	3.1618 	-999	-999	2.1703 	2.9629 	-999	-999	2.3797 	3.7383 	-999	-999	60
104	M13c	circle	4	0.62	1	3 	 2.5052368337003763 	 2 	 0.0	0.0	1.0	2	1	-1	-1	-999	-999	0.0	2.1577 	3.2277 	-999	-999	2.5163 	3.7977 	-999	-999	1.7176 	2.5858 	3.2541 	-999	65
105	M13c	circle	4	0.77	-1	3 	 2.478645863655756 	 2 	 0.0	3.0	0.0	2	-1	1	-1	-999	-999	0.0	2.5551 	3.2299 	-999	-999	2.0968 	2.941 	-999	-999	2.0622 	3.0907 	-999	-999	64
106	M13c	circle	8	0.18	1	0 	 2.5249392284421623 	 2 	 5.0	1.0	3.0	0	1	-1	-1	-3.0	-999	-999	2.2769 	3.4099 	-999	-999	2.0008 	3.2032 	-999	-999	1.7033 	2.8013 	-999	-999	130
107	M13c	circle	8	0.42	1	3 	 2.3471259099347375 	 3 	 3.0	1.0	2.0	2	1	-1	-1	-999	-999	0.0	2.3829 	3.1888 	-999	-999	2.3749 	3.4771 	-999	-999	1.9999 	3.4011 	-999	-999	121
108	M13c	circle	4	0.47	-1	3 	 2.939144586139149 	 3 	 1.0	0.0	2.0	2	-1	1	-1	-999	-999	-0.0	2.1708 	2.9446 	3.5199 	-999	1.8555 	2.6243 	3.681 	-999	1.9239 	2.6844 	3.7762 	-999	76
109	M13c	circle	8	0.13	1	0 	 2.700987358177226 	 3 	 1.0	3.0	0.0	0	1	-1	-1	1.0	-999	-999	2.6031 	4.0522 	-999	-999	2.286 	3.753 	-999	-999	2.32 	2.9803 	-999	-999	135
110	M13c	circle	4	0.19	-1	3 	 2.432908693392159 	 3 	 0.0	2.0	1.0	0	-1	1	-1	0.0	-999	-999	1.8831 	2.6848 	-999	-999	1.9611 	2.8721 	-999	-999	2.6968 	-999	-999	-999	52
111	M13c	circle	8	0.18	-1	3 	 2.8673440994237884 	 2 	 5.0	0.0	7.0	2	-1	1	-1	-999	-999	0.0	2.4196 	3.1587 	-999	-999	2.5063 	3.7271 	-999	-999	2.397 	2.9552 	3.819 	-999	147
112	M13c	circle	4	0.19	1	3 	 2.621819453496941 	 2 	 1.0	0.0	1.0	0	1	-1	-1	-0.0	-999	-999	1.7976 	3.2765 	-999	-999	2.3616 	3.0874 	-999	-999	2.259 	2.8672 	-999	-999	69
113	M13c	circle	8	0.45	1	3 	 2.9229552944668544 	 2 	 5.0	3.0	4.0	1	1	-1	-1	-999	0.0	-999	2.674 	3.1909 	-999	-999	2.3401 	2.9877 	4.1045 	-999	2.5987 	3.9682 	-999	-999	152
114	M13c	circle	4	0.34	1	3 	 2.79009216335123 	 2 	 3.0	0.0	1.0	1	1	-1	-1	-999	0.0	-999	2.6788 	3.6754 	-999	-999	2.1922 	3.5936 	-999	-999	2.3983 	3.1977 	-999	-999	76
115	M13c	circle	8	0.22	-1	3 	 2.3825925276000763 	 3 	 5.0	4.0	5.0	0	-1	1	-1	0.0	-999	-999	2.3259 	3.0711 	-999	-999	2.6677 	-999	-999	-999	2.4023 	3.1962 	-999	-999	125
116	M13c	circle	4	0.62	-1	0 	 2.8676965628867777 	 2 	 3.0	0.0	2.0	2	-1	1	-1	-999	-999	2.0	2.4252 	3.9155 	-999	-999	2.2954 	3.1062 	-999	-999	2.0623 	2.834 	4.0741 	-999	75
117	M13c	circle	4	0.61	1	3 	 2.2519995495190868 	 3 	 1.0	3.0	1.0	0	1	-1	-1	-0.0	-999	-999	1.725 	2.3283 	2.972 	-999	2.67 	-999	-999	-999	2.2108 	3.0108 	-999	-999	60
118	M13c	circle	8	0.32	1	0 	 2.8430504523062803 	 2 	 7.0	5.0	7.0	2	1	-1	-1	-999	-999	1.0	1.9543 	2.6958 	3.4617 	-999	2.1038 	3.136 	-999	-999	2.6259 	3.4581 	-999	-999	149
119	M13c	circle	8	0.32	-1	3 	 2.5369536081350352 	 2 	 6.0	5.0	5.0	2	-1	1	-1	-999	-999	0.0	2.1287 	3.1151 	-999	-999	1.7005 	2.9267 	-999	-999	2.3564 	3.5849 	-999	-999	130
